1602941916820 213 0
1602941916831 161 1
1602941916842 402 2
1602941916853 287 3
1602941916864 189 4
1602941916875 583 5
1602941916885 656 6
1602941916896 542 7
1602941916907 410 8
1602941916918 1093 9
1602941916929 207 10
1602941916940 8 11
1602941916951 454 12
1602941916962 318 13
1602941916973 550 14
1602941916984 1185 15
1602941916994 1158 16
1602941917005 494 17
1602941917016 806 18
1602941917026 1064 19
1602941917037 458 20
1602941917048 593 21
1602941917059 189 22
1602941917069 852 23
1602941917080 992 24
1602941917090 856 25
1602941917101 406 26
1602941917112 913 27
1602941917123 471 28
1602941917133 405 29
1602941917144 374 30
1602941917155 243 31
1602941917165 650 32
1602941917176 775 33
1602941917187 922 34
1602941917197 730 35
1602941917208 387 36
1602941917219 879 37
1602941917229 691 38
1602941917240 849 39
1602941917251 1360 40
1602941917261 304 41
1602941917272 1220 42
1602941917283 28 43
1602941917293 566 44
1602941917304 425 45
1602941917315 786 46
1602941917326 666 47
1602941917336 477 48
1602941917347 422 49
1602941917358 534 50
1602941917368 528 51
1602941917379 289 52
1602941917389 343 53
1602941917400 546 54
1602941917411 719 55
1602941917422 692 56
1602941917432 537 57
1602941917443 330 58
1602941917454 468 59
1602941917465 364 60
1602941917476 368 61
1602941917487 623 62
1602941917498 1335 63
1602941917508 735 64
1602941917519 144 65
1602941917530 342 66
1602941917541 392 67
1602941917552 423 68
1602941917562 345 69
1602941917573 218 70
1602941917584 436 71
1602941917595 255 72
1602941917605 231 73
1602941917616 369 74
1602941917627 199 75
1602941917637 476 76
1602941917648 721 77
1602941917659 982 78
1602941917669 284 79
1602941917680 503 80
1602941917691 794 81
1602941917702 810 82
1602941917712 667 83
1602941917723 423 84
1602941917734 182 85
1602941917744 292 86
1602941917755 430 87
1602941917766 453 88
1602941917777 907 89
1602941917787 464 90
1602941917798 710 91
1602941917809 462 92
1602941917820 422 93
1602941917830 897 94
1602941917842 551 95
1602941917853 333 96
1602941917863 623 97
1602941917875 506 98
1602941917885 524 99
