1602941916823 0.011582998386827338 0
1602941916833 0.009740523396846619 1
1602941916844 0.010462891323167717 2
1602941916855 0.010173165722738338 3
1602941916866 0.010634688590573777 4
1602941916877 0.010687332710878595 5
1602941916888 0.010276917000891457 6
1602941916898 0.011642049715014698 7
1602941916909 0.010108152216266821 8
1602941916920 0.010397229190644154 9
1602941916931 0.01012461110826772 10
1602941916942 0.01227026301852906 11
1602941916953 0.01084696454638607 12
1602941916964 0.012742436262896898 13
1602941916975 0.01186388594123665 14
1602941916986 0.010133628711730102 15
1602941916996 0.008719953988455277 16
1602941917007 0.011513477000664539 17
1602941917018 0.011185424241514924 18
1602941917028 0.010375811784498153 19
1602941917039 0.011822013616064147 20
1602941917050 0.011987528725275918 21
1602941917061 0.010916546692903602 22
1602941917071 0.01145248687728988 23
1602941917082 0.010854081743082424 24
1602941917093 0.011827307185907474 25
1602941917103 0.013385252964833708 26
1602941917114 0.011516513381988133 27
1602941917125 0.011019433911983258 28
1602941917135 0.012663991175081149 29
1602941917146 0.009513316989977465 30
1602941917157 0.012113412221272787 31
1602941917167 0.010202344371620889 32
1602941917178 0.011681659610903993 33
1602941917189 0.010205142705419591 34
1602941917200 0.012773826036108545 35
1602941917210 0.013249629260948201 36
1602941917221 0.01086935872737045 37
1602941917232 0.011081455136413005 38
1602941917242 0.010445520059386296 39
1602941917253 0.009523748943529906 40
1602941917263 0.011317450905031912 41
1602941917274 0.010021760969450979 42
1602941917285 0.008868873413387027 43
1602941917295 0.010092294875695428 44
1602941917306 0.013763187358871857 45
1602941917317 0.010252137851101793 46
1602941917328 0.012814488188893186 47
1602941917338 0.012183946006152094 48
1602941917349 0.016269779372927593 49
1602941917360 0.014340914001024475 50
1602941917370 0.012720233094906379 51
1602941917381 0.013725554335852411 52
1602941917392 0.012798042354469527 53
1602941917402 0.014143564744919665 54
1602941917413 0.012922695122650108 55
1602941917424 0.01175899249463042 56
1602941917435 0.013589278197257101 57
1602941917446 0.014206456249969395 58
1602941917456 0.012622497658028987 59
1602941917467 0.00994103935343274 60
1602941917478 0.01015665311022357 61
1602941917489 0.01149547352680164 62
1602941917500 0.008452547302127255 63
1602941917511 0.010225146266830016 64
1602941917521 0.009997666657381415 65
1602941917532 0.009772289251099523 66
1602941917543 0.010168712622784844 67
1602941917554 0.012442688529308025 68
1602941917565 0.010890241094842852 69
1602941917575 0.009962533111859085 70
1602941917586 0.009459909131027169 71
1602941917597 0.0102722620163161 72
1602941917608 0.01099217880384724 73
1602941917618 0.011291512563254344 74
1602941917629 0.009478386738572259 75
1602941917640 0.009426503281318704 76
1602941917650 0.011300257010053294 77
1602941917661 0.010317312528009284 78
1602941917672 0.010362666787453068 79
1602941917682 0.010851504229561786 80
1602941917693 0.011406664777859092 81
1602941917704 0.011869813097683292 82
1602941917715 0.010935111283177165 83
1602941917725 0.010883619650354925 84
1602941917736 0.012947483562232517 85
1602941917747 0.01113210586554962 86
1602941917757 0.009732818940503016 87
1602941917768 0.010034035334901615 88
1602941917779 0.010172949363543505 89
1602941917789 0.009622732957842519 90
1602941917800 0.011734455251356227 91
1602941917811 0.01040200778195773 92
1602941917822 0.011537532976526689 93
1602941917833 0.01082923968419952 94
1602941917844 0.014748665818407492 95
1602941917855 0.011007014976791907 96
1602941917866 0.01083536949946726 97
1602941917877 0.01042866967086728 98
1602941917887 0.010480141699663851 99
