1602941916811 0.9833333333333333 0
1602941916825 0.95 1
1602941916836 0.9833333333333333 2
1602941916846 0.9833333333333333 3
1602941916857 0.9666666666666667 4
1602941916868 0.9833333333333333 5
1602941916879 0.9666666666666667 6
1602941916890 0.9833333333333333 7
1602941916900 0.9833333333333333 8
1602941916911 1.0 9
1602941916922 0.9166666666666666 10
1602941916933 0.3333333333333333 11
1602941916944 0.9666666666666667 12
1602941916955 0.95 13
1602941916966 0.95 14
1602941916977 1.0 15
1602941916988 1.0 16
1602941916999 0.9833333333333333 17
1602941917009 1.0 18
1602941917020 1.0 19
1602941917031 0.9833333333333333 20
1602941917041 1.0 21
1602941917052 0.95 22
1602941917063 1.0 23
1602941917073 1.0 24
1602941917084 0.9833333333333333 25
1602941917095 0.9833333333333333 26
1602941917105 0.9833333333333333 27
1602941917116 0.9833333333333333 28
1602941917127 0.9833333333333333 29
1602941917138 0.9666666666666667 30
1602941917148 0.95 31
1602941917159 1.0 32
1602941917170 1.0 33
1602941917180 1.0 34
1602941917191 0.95 35
1602941917202 0.9666666666666667 36
1602941917213 0.9666666666666667 37
1602941917223 0.9666666666666667 38
1602941917234 0.9666666666666667 39
1602941917244 1.0 40
1602941917255 1.0 41
1602941917265 1.0 42
1602941917276 0.95 43
1602941917287 1.0 44
1602941917298 0.9666666666666667 45
1602941917308 1.0 46
1602941917319 0.9833333333333333 47
1602941917330 0.9666666666666667 48
1602941917340 0.9666666666666667 49
1602941917351 0.9666666666666667 50
1602941917362 0.9666666666666667 51
1602941917373 0.95 52
1602941917383 0.95 53
1602941917394 0.9666666666666667 54
1602941917404 0.9833333333333333 55
1602941917415 0.9833333333333333 56
1602941917426 0.9666666666666667 57
1602941917437 0.9666666666666667 58
1602941917448 0.9833333333333333 59
1602941917459 0.9666666666666667 60
1602941917469 0.9666666666666667 61
1602941917480 0.9666666666666667 62
1602941917491 0.9833333333333333 63
1602941917502 0.9833333333333333 64
1602941917513 0.9333333333333333 65
1602941917524 0.9666666666666667 66
1602941917534 0.9833333333333333 67
1602941917545 0.9666666666666667 68
1602941917556 0.95 69
1602941917567 0.9333333333333333 70
1602941917577 0.9833333333333333 71
1602941917588 0.9666666666666667 72
1602941917599 0.9333333333333333 73
1602941917610 0.95 74
1602941917620 0.9166666666666666 75
1602941917631 0.9833333333333333 76
1602941917642 0.9833333333333333 77
1602941917653 0.9833333333333333 78
1602941917663 0.95 79
1602941917674 0.9666666666666667 80
1602941917684 1.0 81
1602941917695 1.0 82
1602941917706 1.0 83
1602941917717 0.9833333333333333 84
1602941917727 0.95 85
1602941917738 0.9166666666666666 86
1602941917749 0.9666666666666667 87
1602941917760 0.95 88
1602941917770 0.9666666666666667 89
1602941917781 0.9666666666666667 90
1602941917792 0.9666666666666667 91
1602941917802 0.9666666666666667 92
1602941917813 0.95 93
1602941917824 0.9666666666666667 94
1602941917835 0.9666666666666667 95
1602941917846 0.95 96
1602941917857 0.9666666666666667 97
1602941917868 0.9833333333333333 98
1602941917879 0.9666666666666667 99
