1603007631145 1217 0
1603007631156 884 1
1603007631167 603 2
1603007631178 720 3
1603007631190 729 4
1603007631201 998 5
1603007631212 1561 6
1603007631223 523 7
1603007631234 1162 8
1603007631245 1060 9
1603007631256 1214 10
1603007631268 673 11
1603007631279 1046 12
1603007631290 1437 13
1603007631301 744 14
1603007631312 996 15
1603007631322 429 16
1603007631333 659 17
1603007631344 1382 18
1603007631355 164 19
1603007631366 994 20
1603007631377 1817 21
1603007631388 1322 22
1603007631399 1250 23
1603007631410 739 24
1603007631421 899 25
1603007631432 532 26
1603007631442 796 27
1603007631453 487 28
1603007631464 701 29
1603007631475 612 30
1603007631486 1090 31
1603007631497 1283 32
1603007631507 571 33
1603007631518 922 34
1603007631529 1452 35
1603007631540 1399 36
1603007631551 1204 37
1603007631562 501 38
1603007631573 1266 39
1603007631584 536 40
1603007631595 657 41
1603007631606 617 42
1603007631616 1392 43
1603007631628 1429 44
1603007631639 325 45
1603007631650 529 46
1603007631661 1223 47
1603007631671 717 48
1603007631682 860 49
1603007631693 976 50
1603007631704 670 51
1603007631715 347 52
1603007631726 1447 53
1603007631737 485 54
1603007631748 727 55
1603007631758 1372 56
1603007631769 1029 57
1603007631780 1160 58
1603007631791 1272 59
1603007631801 1251 60
1603007631812 1578 61
1603007631823 675 62
1603007631834 1205 63
1603007631844 1017 64
1603007631855 1475 65
1603007631866 881 66
1603007631877 834 67
1603007631888 720 68
1603007631899 1044 69
1603007631910 688 70
1603007631921 939 71
1603007631931 932 72
1603007631942 764 73
1603007631953 700 74
1603007631963 781 75
1603007631974 662 76
1603007631985 564 77
1603007631996 1385 78
1603007632006 960 79
1603007632017 618 80
1603007632028 714 81
1603007632039 990 82
1603007632050 1233 83
1603007632061 563 84
1603007632072 1252 85
1603007632083 466 86
1603007632094 1132 87
1603007632105 1031 88
1603007632116 750 89
1603007632126 1115 90
1603007632137 933 91
1603007632148 1104 92
1603007632158 741 93
1603007632169 1470 94
1603007632180 1137 95
1603007632191 895 96
1603007632201 891 97
1603007632212 959 98
1603007632223 1358 99
