1603007631147 0.07077498101553865 0
1603007631158 0.07084562086056044 1
1603007631169 0.07086023914119789 2
1603007631180 0.07082407964857076 3
1603007631192 0.07079845163145801 4
1603007631203 0.07085781441854301 5
1603007631214 0.07096781309913186 6
1603007631225 0.07096249168355445 7
1603007631236 0.0708684965261047 8
1603007631247 0.0708527786739857 9
1603007631259 0.07102466860352012 10
1603007631270 0.07087405215310787 11
1603007631281 0.0709090407765463 12
1603007631292 0.07049701023039759 13
1603007631303 0.07065042128434053 14
1603007631314 0.07076508955124321 15
1603007631325 0.07093213873643142 16
1603007631335 0.0709192444443781 17
1603007631347 0.07093129180986288 18
1603007631358 0.07091463098378456 19
1603007631369 0.07073921858017415 20
1603007631380 0.07070569121665972 21
1603007631391 0.07091850857770163 22
1603007631402 0.07090671451863724 23
1603007631412 0.07099021881610364 24
1603007631423 0.07092736650286173 25
1603007631434 0.07084304412004307 26
1603007631445 0.07096079068306164 27
1603007631455 0.0708256512988383 28
1603007631466 0.07080831704087105 29
1603007631477 0.07079079915892403 30
1603007631488 0.07105556375840132 31
1603007631499 0.07095726611567478 32
1603007631510 0.07088400427458469 33
1603007631520 0.07086230721037533 34
1603007631531 0.07082271071109206 35
1603007631543 0.07105087033902753 36
1603007631554 0.07102365668912108 37
1603007631564 0.07110841672580975 38
1603007631575 0.07097368244695273 39
1603007631586 0.07109928181975189 40
1603007631597 0.07084257505645584 41
1603007631608 0.07075648369842302 42
1603007631619 0.0707917730993201 43
1603007631631 0.07076934851252853 44
1603007631641 0.07080778144897625 45
1603007631652 0.0708676607091554 46
1603007631663 0.07082294609587071 47
1603007631674 0.07099806530337942 48
1603007631685 0.07076729541074347 49
1603007631695 0.07073762495009625 50
1603007631706 0.07080938541092378 51
1603007631717 0.07066985657022923 52
1603007631728 0.07091969782418578 53
1603007631739 0.07075822740940038 54
1603007631750 0.07092290078656058 55
1603007631760 0.07093401718738503 56
1603007631771 0.0708550867236806 57
1603007631782 0.07092120151174554 58
1603007631793 0.07085507413446208 59
1603007631804 0.07083123888974761 60
1603007631814 0.07078384926197459 61
1603007631825 0.0708145155366821 62
1603007631836 0.07085480881283823 63
1603007631846 0.07108656963324878 64
1603007631857 0.07093185294401115 65
1603007631868 0.0707413124335036 66
1603007631879 0.07110324274390427 67
1603007631890 0.07105411407749897 68
1603007631901 0.07100201781469447 69
1603007631912 0.07073618940937937 70
1603007631923 0.07074828132202751 71
1603007631934 0.07094212486630394 72
1603007631944 0.07095342614263317 73
1603007631955 0.07082369656398378 74
1603007631966 0.07097991039690453 75
1603007631976 0.07094249075109309 76
1603007631987 0.07103649688803632 77
1603007631998 0.07090006681731703 78
1603007632009 0.0709464751627038 79
1603007632020 0.07083343996993238 80
1603007632030 0.07075673551415679 81
1603007632041 0.07076017676497535 82
1603007632052 0.07079250239984108 83
1603007632063 0.07096262870033096 84
1603007632074 0.07107267297140442 85
1603007632085 0.0708593145173233 86
1603007632096 0.07087883275798922 87
1603007632107 0.07087423014823738 88
1603007632118 0.07114183661100026 89
1603007632128 0.07090316156223589 90
1603007632139 0.07090027766527965 91
1603007632150 0.07081211088503714 92
1603007632160 0.07079916592038736 93
1603007632171 0.07079092516680321 94
1603007632182 0.07079461993182949 95
1603007632193 0.07096201074429047 96
1603007632204 0.07106209446701288 97
1603007632214 0.07100198767401955 98
1603007632225 0.07095227498124666 99
