1603007631138 0.98 0
1603007631149 0.9633333333333334 1
1603007631160 0.9633333333333334 2
1603007631171 0.97 3
1603007631183 0.9766666666666667 4
1603007631194 0.9733333333333334 5
1603007631205 0.98 6
1603007631216 0.95 7
1603007631227 0.9733333333333334 8
1603007631238 0.97 9
1603007631249 0.9633333333333334 10
1603007631261 0.9633333333333334 11
1603007631272 0.98 12
1603007631283 0.9733333333333334 13
1603007631294 0.97 14
1603007631305 0.9633333333333334 15
1603007631316 0.94 16
1603007631327 0.9566666666666667 17
1603007631338 0.9766666666666667 18
1603007631349 0.9133333333333333 19
1603007631360 0.9733333333333334 20
1603007631371 0.9766666666666667 21
1603007631382 0.98 22
1603007631393 0.9766666666666667 23
1603007631404 0.96 24
1603007631415 0.9666666666666667 25
1603007631425 0.9633333333333334 26
1603007631436 0.9666666666666667 27
1603007631447 0.95 28
1603007631457 0.96 29
1603007631468 0.9766666666666667 30
1603007631479 0.9933333333333333 31
1603007631490 0.9966666666666667 32
1603007631501 0.97 33
1603007631512 0.9866666666666667 34
1603007631523 0.9866666666666667 35
1603007631534 0.9766666666666667 36
1603007631545 0.98 37
1603007631556 0.96 38
1603007631567 0.99 39
1603007631577 0.9533333333333334 40
1603007631588 0.9566666666666667 41
1603007631599 0.9533333333333334 42
1603007631610 0.9833333333333333 43
1603007631622 0.9766666666666667 44
1603007631633 0.95 45
1603007631643 0.96 46
1603007631654 0.9833333333333333 47
1603007631665 0.9566666666666667 48
1603007631676 0.9666666666666667 49
1603007631687 0.9566666666666667 50
1603007631698 0.9566666666666667 51
1603007631709 0.95 52
1603007631720 0.9666666666666667 53
1603007631730 0.9566666666666667 54
1603007631741 0.97 55
1603007631752 0.9833333333333333 56
1603007631763 0.98 57
1603007631773 0.9766666666666667 58
1603007631784 0.9866666666666667 59
1603007631795 0.97 60
1603007631806 0.9766666666666667 61
1603007631816 0.97 62
1603007631827 0.9733333333333334 63
1603007631838 0.9733333333333334 64
1603007631849 0.9766666666666667 65
1603007631860 0.9766666666666667 66
1603007631870 0.9766666666666667 67
1603007631881 0.9666666666666667 68
1603007631892 0.9766666666666667 69
1603007631903 0.95 70
1603007631914 0.96 71
1603007631925 0.9766666666666667 72
1603007631936 0.96 73
1603007631946 0.9566666666666667 74
1603007631957 0.9333333333333333 75
1603007631968 0.9233333333333333 76
1603007631979 0.9333333333333333 77
1603007631989 0.97 78
1603007632000 0.95 79
1603007632011 0.9633333333333334 80
1603007632022 0.9666666666666667 81
1603007632033 0.97 82
1603007632043 0.99 83
1603007632054 0.9666666666666667 84
1603007632065 0.9833333333333333 85
1603007632076 0.95 86
1603007632087 0.9733333333333334 87
1603007632098 0.98 88
1603007632109 0.9666666666666667 89
1603007632120 0.9633333333333334 90
1603007632131 0.9633333333333334 91
1603007632141 0.9633333333333334 92
1603007632152 0.9533333333333334 93
1603007632163 0.9666666666666667 94
1603007632173 0.9733333333333334 95
1603007632184 0.97 96
1603007632195 0.9633333333333334 97
1603007632206 0.97 98
1603007632217 0.9633333333333334 99
