1602872677444 585 0
1602872677456 363 1
1602872677467 820 2
1602872677478 579 3
1602872677489 458 4
1602872677500 1112 5
1602872677511 2530 6
1602872677522 968 7
1602872677533 1683 8
1602872677544 1108 9
1602872677555 176 10
1602872677567 1270 11
1602872677578 771 12
1602872677589 724 13
1602872677600 995 14
1602872677611 232 15
1602872677622 470 16
1602872677633 1503 17
1602872677644 1834 18
1602872677655 1472 19
1602872677666 654 20
1602872677678 716 21
1602872677689 808 22
1602872677700 781 23
1602872677711 1506 24
1602872677722 676 25
1602872677733 1762 26
1602872677744 2355 27
1602872677756 438 28
1602872677767 1460 29
1602872677778 1942 30
1602872677789 1240 31
1602872677800 1485 32
1602872677811 678 33
1602872677823 1720 34
1602872677834 401 35
1602872677845 1840 36
1602872677856 756 37
1602872677867 1648 38
1602872677878 1212 39
1602872677889 980 40
1602872677900 2226 41
1602872677912 1430 42
1602872677923 688 43
1602872677934 1309 44
1602872677945 1303 45
1602872677957 1206 46
1602872677968 489 47
1602872677979 852 48
1602872677990 1335 49
1602872678001 1731 50
1602872678013 700 51
1602872678024 1713 52
1602872678035 2194 53
1602872678046 875 54
1602872678057 301 55
1602872678068 370 56
1602872678080 767 57
1602872678091 1696 58
1602872678102 609 59
1602872678113 436 60
1602872678125 544 61
1602872678136 1598 62
1602872678147 666 63
1602872678158 1240 64
1602872678169 1474 65
1602872678181 959 66
1602872678192 1839 67
1602872678203 1121 68
1602872678215 836 69
1602872678226 1255 70
1602872678238 1329 71
1602872678249 1830 72
1602872678261 1335 73
1602872678272 903 74
1602872678283 1078 75
1602872678294 1675 76
1602872678305 507 77
1602872678316 883 78
1602872678328 1613 79
1602872678339 1793 80
1602872678350 2121 81
1602872678361 1460 82
1602872678372 1769 83
1602872678383 1088 84
1602872678395 1109 85
1602872678406 1973 86
1602872678417 851 87
1602872678428 1019 88
1602872678440 1400 89
1602872678451 1726 90
1602872678462 719 91
1602872678473 1069 92
1602872678484 567 93
1602872678495 1086 94
1602872678507 1072 95
1602872678518 740 96
1602872678529 1887 97
1602872678540 1025 98
1602872678552 1976 99
