1602872677447 0.039892486372579306 0
1602872677458 0.05121350169597601 1
1602872677469 0.04499851656784643 2
1602872677480 0.04911486961599219 3
1602872677491 0.06038661991677633 4
1602872677502 0.06407478594202268 5
1602872677513 0.03645467005518018 6
1602872677524 0.04993603231812989 7
1602872677536 0.045256991475164994 8
1602872677547 0.05157995438683086 9
1602872677558 0.05279586714573952 10
1602872677569 0.06766369781122235 11
1602872677580 0.062267882741212095 12
1602872677591 0.057958122349281244 13
1602872677602 0.05641956329345703 14
1602872677613 0.04131323217408392 15
1602872677624 0.038281974288335456 16
1602872677635 0.05012133377471909 17
1602872677646 0.044545264014944914 18
1602872677657 0.05581209780627792 19
1602872677669 0.0448974876859271 20
1602872677680 0.04325451725357597 21
1602872677691 0.04680337878467234 22
1602872677702 0.03871591344897963 23
1602872677713 0.048418895579661246 24
1602872677724 0.04337468399957498 25
1602872677735 0.044442093140727085 26
1602872677747 0.04303873724901501 27
1602872677758 0.04835807205400691 28
1602872677769 0.06320525835721921 29
1602872677780 0.045580647653267393 30
1602872677791 0.05128447451641236 31
1602872677802 0.045919444974482936 32
1602872677814 0.052548475842302364 33
1602872677825 0.04704392498673125 34
1602872677836 0.04819568279473221 35
1602872677847 0.04644976611732132 36
1602872677858 0.05594441568600643 37
1602872677869 0.044767867421567666 38
1602872677880 0.04729561936512268 39
1602872677892 0.04799950721055052 40
1602872677903 0.045777175275171195 41
1602872677914 0.04260591074282791 42
1602872677925 0.03704256473893651 43
1602872677936 0.049850445483379434 44
1602872677948 0.06867141193813747 45
1602872677959 0.04341877209160753 46
1602872677970 0.05599022677306453 47
1602872677981 0.0434124615334134 48
1602872677992 0.0436111284817148 49
1602872678004 0.050352607255779815 50
1602872678015 0.04593987633660275 51
1602872678026 0.04841687895233662 52
1602872678037 0.044527799459908514 53
1602872678048 0.04849748600412298 54
1602872678059 0.04601728900719925 55
1602872678071 0.05242968481861249 56
1602872678082 0.04089060317506783 57
1602872678093 0.040481550738825436 58
1602872678104 0.047893693384200034 59
1602872678115 0.05365525584471853 60
1602872678127 0.04126883766608324 61
1602872678138 0.03934400962655891 62
1602872678149 0.04943950982256369 63
1602872678161 0.04368441993417331 64
1602872678172 0.04219761113693685 65
1602872678183 0.0430923510563189 66
1602872678194 0.05236384528023856 67
1602872678205 0.06513424690612062 68
1602872678217 0.06577633942669703 69
1602872678228 0.07105424758787535 70
1602872678240 0.041775883336103596 71
1602872678251 0.05209283329099265 72
1602872678263 0.04896154681021456 73
1602872678274 0.05011591704494982 74
1602872678285 0.0750352235362697 75
1602872678296 0.0433685573824777 76
1602872678308 0.0388752348985453 77
1602872678319 0.05003732977952742 78
1602872678330 0.05795525526600997 79
1602872678341 0.04971005058835354 80
1602872678352 0.04072378585111652 81
1602872678363 0.04932705944050473 82
1602872678374 0.05423679006309286 83
1602872678386 0.05140015626796269 84
1602872678397 0.044626468348335 85
1602872678408 0.04258569791424851 86
1602872678419 0.05572728434409 87
1602872678431 0.04584217852559583 88
1602872678442 0.05539863806063028 89
1602872678453 0.04635693328654282 90
1602872678464 0.06018203878921638 91
1602872678475 0.06300844164455638 92
1602872678487 0.049026234057071565 93
1602872678498 0.05981852525143886 94
1602872678509 0.04120763733580306 95
1602872678520 0.06297120558364051 96
1602872678531 0.04956474669252868 97
1602872678543 0.04510811509008553 98
1602872678554 0.046253198750482234 99
