1602872677436 0.9666666666666667 0
1602872677449 0.9433333333333334 1
1602872677460 0.9766666666666667 2
1602872677471 0.9733333333333334 3
1602872677482 0.9633333333333334 4
1602872677493 0.9866666666666667 5
1602872677505 0.9966666666666667 6
1602872677515 0.98 7
1602872677527 0.9966666666666667 8
1602872677538 0.98 9
1602872677549 0.9266666666666666 10
1602872677560 0.9833333333333333 11
1602872677571 0.98 12
1602872677582 0.9733333333333334 13
1602872677593 0.98 14
1602872677604 0.92 15
1602872677615 0.9466666666666667 16
1602872677626 0.9766666666666667 17
1602872677637 0.98 18
1602872677649 0.98 19
1602872677660 0.9766666666666667 20
1602872677671 0.9733333333333334 21
1602872677682 0.9766666666666667 22
1602872677693 0.9766666666666667 23
1602872677704 0.9866666666666667 24
1602872677716 0.9766666666666667 25
1602872677727 0.9966666666666667 26
1602872677738 0.9966666666666667 27
1602872677749 0.97 28
1602872677760 0.9866666666666667 29
1602872677771 1.0 30
1602872677782 1.0 31
1602872677793 0.9966666666666667 32
1602872677805 0.99 33
1602872677816 0.9966666666666667 34
1602872677827 0.9566666666666667 35
1602872677838 0.9966666666666667 36
1602872677849 0.9733333333333334 37
1602872677860 0.9866666666666667 38
1602872677871 0.99 39
1602872677883 0.9833333333333333 40
1602872677894 0.9966666666666667 41
1602872677905 0.99 42
1602872677916 0.97 43
1602872677927 0.9766666666666667 44
1602872677939 0.9866666666666667 45
1602872677950 0.9833333333333333 46
1602872677961 0.9666666666666667 47
1602872677972 0.9833333333333333 48
1602872677983 0.99 49
1602872677995 0.9833333333333333 50
1602872678006 0.96 51
1602872678017 0.9833333333333333 52
1602872678028 0.9966666666666667 53
1602872678039 0.97 54
1602872678051 0.9533333333333334 55
1602872678062 0.9566666666666667 56
1602872678073 0.9833333333333333 57
1602872678084 0.99 58
1602872678095 0.9833333333333333 59
1602872678107 0.9666666666666667 60
1602872678118 0.9766666666666667 61
1602872678129 0.9866666666666667 62
1602872678140 0.9733333333333334 63
1602872678152 0.98 64
1602872678163 0.9833333333333333 65
1602872678174 0.9766666666666667 66
1602872678185 0.99 67
1602872678197 0.98 68
1602872678208 0.9766666666666667 69
1602872678219 0.9833333333333333 70
1602872678231 0.98 71
1602872678242 0.9866666666666667 72
1602872678254 0.9833333333333333 73
1602872678265 0.9666666666666667 74
1602872678276 0.9733333333333334 75
1602872678287 0.9833333333333333 76
1602872678299 0.9466666666666667 77
1602872678310 0.97 78
1602872678321 0.99 79
1602872678332 0.9966666666666667 80
1602872678343 0.9966666666666667 81
1602872678354 0.99 82
1602872678365 0.9966666666666667 83
1602872678377 0.9833333333333333 84
1602872678388 0.9866666666666667 85
1602872678399 0.99 86
1602872678410 0.98 87
1602872678422 0.98 88
1602872678433 0.9866666666666667 89
1602872678444 0.98 90
1602872678455 0.9733333333333334 91
1602872678466 0.98 92
1602872678478 0.9666666666666667 93
1602872678489 0.97 94
1602872678500 0.9866666666666667 95
1602872678511 0.9766666666666667 96
1602872678522 0.9866666666666667 97
1602872678534 0.9866666666666667 98
1602872678545 0.9833333333333333 99
