1603021001597 652 0
1603021001607 517 1
1603021001618 568 2
1603021001629 440 3
1603021001640 623 4
1603021001650 370 5
1603021001661 376 6
1603021001672 546 7
1603021001683 837 8
1603021001694 307 9
1603021001705 193 10
1603021001716 126 11
1603021001727 104 12
1603021001738 310 13
1603021001749 216 14
1603021001760 311 15
1603021001771 583 16
1603021001782 769 17
1603021001793 391 18
1603021001804 648 19
1603021001815 419 20
1603021001826 566 21
1603021001836 461 22
1603021001847 275 23
1603021001858 539 24
1603021001869 549 25
1603021001880 334 26
1603021001891 462 27
1603021001902 279 28
1603021001913 620 29
1603021001924 148 30
1603021001935 195 31
1603021001946 157 32
1603021001957 239 33
1603021001968 254 34
1603021001979 216 35
1603021001990 446 36
1603021002001 373 37
1603021002012 365 38
1603021002022 464 39
1603021002033 216 40
1603021002044 224 41
1603021002054 316 42
1603021002065 277 43
1603021002076 325 44
1603021002088 402 45
1603021002099 203 46
1603021002110 439 47
1603021002121 416 48
1603021002132 280 49
1603021002143 943 50
1603021002153 494 51
1603021002164 989 52
1603021002175 290 53
1603021002186 513 54
1603021002197 652 55
1603021002207 653 56
1603021002218 683 57
1603021002229 263 58
1603021002240 476 59
1603021002251 285 60
1603021002262 805 61
1603021002273 322 62
1603021002284 671 63
1603021002295 671 64
1603021002306 271 65
1603021002317 221 66
1603021002328 130 67
1603021002339 325 68
1603021002350 325 69
1603021002360 448 70
1603021002371 377 71
1603021002382 473 72
1603021002393 351 73
1603021002404 156 74
1603021002415 292 75
1603021002426 309 76
1603021002437 292 77
1603021002448 324 78
1603021002459 206 79
1603021002470 651 80
1603021002481 772 81
1603021002492 658 82
1603021002503 447 83
1603021002514 612 84
1603021002525 211 85
1603021002535 168 86
1603021002546 267 87
1603021002557 295 88
1603021002568 273 89
1603021002579 209 90
1603021002590 418 91
1603021002601 389 92
1603021002612 267 93
1603021002623 234 94
1603021002634 462 95
1603021002645 186 96
1603021002656 307 97
1603021002667 265 98
1603021002677 448 99
