1603021001599 0.02517845816241053 0
1603021001610 0.02529938014937036 1
1603021001620 0.0253049274988934 2
1603021001631 0.02533296961199762 3
1603021001642 0.02542427203234504 4
1603021001653 0.02535154507163279 5
1603021001664 0.02532967137194228 6
1603021001674 0.025329987208048504 7
1603021001685 0.02526639365335666 8
1603021001696 0.025304155119622362 9
1603021001707 0.025317962228114988 10
1603021001718 0.025484796098743028 11
1603021001729 0.02550206982386292 12
1603021001740 0.025348975690879186 13
1603021001752 0.025335815974644252 14
1603021001763 0.025298160376008023 15
1603021001773 0.02533474584669593 16
1603021001784 0.02532483426090401 17
1603021001795 0.02531892919179165 18
1603021001806 0.025331855624942907 19
1603021001817 0.02533991935957281 20
1603021001828 0.025334408788970024 21
1603021001839 0.025330255031585692 22
1603021001849 0.02535394590539178 23
1603021001860 0.02534775444955537 24
1603021001871 0.02496643800001878 25
1603021001882 0.02527162794117524 26
1603021001893 0.02531533795994401 27
1603021001904 0.025355732471281638 28
1603021001915 0.025416540732750525 29
1603021001926 0.025358114614978826 30
1603021001937 0.02527162518804473 31
1603021001949 0.025271008014678954 32
1603021001959 0.0248834366811986 33
1603021001970 0.0248417249747685 34
1603021001981 0.02517918311310844 35
1603021001992 0.025268226242505926 36
1603021002003 0.025287777505895143 37
1603021002014 0.025300192053801095 38
1603021002024 0.025277559096853506 39
1603021002035 0.02531530560286035 40
1603021002046 0.025430545873112147 41
1603021002057 0.025451673442734284 42
1603021002068 0.02538046708843052 43
1603021002079 0.025400171028652826 44
1603021002090 0.025345214745823116 45
1603021002101 0.025286142589056003 46
1603021002112 0.025350187339034734 47
1603021002123 0.02526542069706531 48
1603021002134 0.025300300677812654 49
1603021002145 0.025303685392132243 50
1603021002156 0.025374171403598968 51
1603021002167 0.025424179462117887 52
1603021002177 0.025297149035176724 53
1603021002188 0.025450145615670914 54
1603021002199 0.02541716460217821 55
1603021002210 0.0251431515808916 56
1603021002220 0.02545655003402504 57
1603021002231 0.025324307895097577 58
1603021002242 0.025284547995257853 59
1603021002253 0.02542452236529588 60
1603021002264 0.025324305457037847 61
1603021002275 0.025406003225850696 62
1603021002286 0.02528630521395229 63
1603021002297 0.02532269735204016 64
1603021002308 0.02531578383093214 65
1603021002319 0.02534129785757204 66
1603021002330 0.025316913981671497 67
1603021002341 0.025292149590857235 68
1603021002352 0.02528986152337522 69
1603021002362 0.025382701427705826 70
1603021002373 0.025252283776848062 71
1603021002384 0.025255970838593274 72
1603021002395 0.02528336435679055 73
1603021002406 0.025316780604026166 74
1603021002417 0.02529915488043497 75
1603021002428 0.025228302571244022 76
1603021002439 0.025242641054350753 77
1603021002450 0.025240554216322205 78
1603021002461 0.02524806779973647 79
1603021002472 0.02526839905660269 80
1603021002483 0.025301811991962478 81
1603021002494 0.02529863630653643 82
1603021002505 0.025304657731737408 83
1603021002516 0.025317894087897405 84
1603021002527 0.025319719373589695 85
1603021002538 0.0252835173760691 86
1603021002548 0.02529089063300682 87
1603021002559 0.025271072551254232 88
1603021002570 0.02531201109803956 89
1603021002581 0.025285151300720645 90
1603021002592 0.025252878025013914 91
1603021002603 0.02534872666410243 92
1603021002614 0.02537634805924102 93
1603021002625 0.025265855523940135 94
1603021002636 0.025424525612278988 95
1603021002647 0.025386127571821505 96
1603021002658 0.025330825207325127 97
1603021002669 0.025257918712201226 98
1603021002680 0.025280109671659248 99
