1603021001590 0.9083333333333333 0
1603021001601 0.85 1
1603021001612 0.9083333333333333 2
1603021001623 0.8833333333333333 3
1603021001633 0.8833333333333333 4
1603021001644 0.85 5
1603021001655 0.825 6
1603021001666 0.9083333333333333 7
1603021001676 0.9083333333333333 8
1603021001688 0.8416666666666667 9
1603021001699 0.825 10
1603021001709 0.7416666666666667 11
1603021001720 0.7583333333333333 12
1603021001731 0.8666666666666667 13
1603021001743 0.75 14
1603021001754 0.8 15
1603021001765 0.8916666666666667 16
1603021001776 0.8916666666666667 17
1603021001786 0.85 18
1603021001797 0.8583333333333333 19
1603021001808 0.875 20
1603021001819 0.8833333333333333 21
1603021001830 0.875 22
1603021001841 0.8333333333333334 23
1603021001851 0.9 24
1603021001862 0.85 25
1603021001873 0.7333333333333333 26
1603021001884 0.8416666666666667 27
1603021001896 0.75 28
1603021001907 0.875 29
1603021001918 0.7166666666666667 30
1603021001929 0.7416666666666667 31
1603021001940 0.7416666666666667 32
1603021001951 0.8166666666666667 33
1603021001962 0.825 34
1603021001973 0.7083333333333334 35
1603021001983 0.8166666666666667 36
1603021001994 0.8083333333333333 37
1603021002005 0.8166666666666667 38
1603021002016 0.8333333333333334 39
1603021002027 0.7416666666666667 40
1603021002037 0.725 41
1603021002048 0.75 42
1603021002059 0.75 43
1603021002070 0.7833333333333333 44
1603021002081 0.8416666666666667 45
1603021002092 0.8 46
1603021002103 0.8916666666666667 47
1603021002114 0.85 48
1603021002125 0.825 49
1603021002136 0.9166666666666666 50
1603021002147 0.8333333333333334 51
1603021002158 0.9333333333333333 52
1603021002169 0.8333333333333334 53
1603021002179 0.8416666666666667 54
1603021002190 0.9416666666666667 55
1603021002201 0.925 56
1603021002212 0.9333333333333333 57
1603021002223 0.85 58
1603021002233 0.925 59
1603021002244 0.775 60
1603021002255 0.875 61
1603021002267 0.775 62
1603021002278 0.8583333333333333 63
1603021002289 0.8666666666666667 64
1603021002300 0.8416666666666667 65
1603021002311 0.8666666666666667 66
1603021002321 0.8583333333333333 67
1603021002332 0.875 68
1603021002343 0.8666666666666667 69
1603021002354 0.9166666666666666 70
1603021002364 0.875 71
1603021002375 0.8916666666666667 72
1603021002386 0.85 73
1603021002397 0.75 74
1603021002408 0.8416666666666667 75
1603021002419 0.8416666666666667 76
1603021002430 0.8416666666666667 77
1603021002441 0.8583333333333333 78
1603021002453 0.8083333333333333 79
1603021002464 0.925 80
1603021002475 0.9333333333333333 81
1603021002485 0.95 82
1603021002496 0.875 83
1603021002507 0.9083333333333333 84
1603021002518 0.8083333333333333 85
1603021002529 0.7083333333333334 86
1603021002540 0.7833333333333333 87
1603021002550 0.8166666666666667 88
1603021002561 0.8083333333333333 89
1603021002572 0.7583333333333333 90
1603021002583 0.8166666666666667 91
1603021002594 0.8416666666666667 92
1603021002605 0.7833333333333333 93
1603021002616 0.7416666666666667 94
1603021002627 0.8416666666666667 95
1603021002638 0.7666666666666667 96
1603021002649 0.825 97
1603021002660 0.8 98
1603021002671 0.8583333333333333 99
