1602955999161 143 0
1602955999172 314 1
1602955999183 49 2
1602955999194 175 3
1602955999205 135 4
1602955999216 267 5
1602955999227 270 6
1602955999238 621 7
1602955999249 320 8
1602955999260 290 9
1602955999271 113 10
1602955999282 118 11
1602955999293 256 12
1602955999304 164 13
1602955999315 238 14
1602955999327 272 15
1602955999337 242 16
1602955999348 582 17
1602955999359 1018 18
1602955999370 281 19
1602955999381 158 20
1602955999392 294 21
1602955999403 187 22
1602955999414 167 23
1602955999425 432 24
1602955999436 398 25
1602955999447 197 26
1602955999458 251 27
1602955999469 552 28
1602955999480 424 29
1602955999491 360 30
1602955999502 290 31
1602955999513 276 32
1602955999524 338 33
1602955999535 226 34
1602955999546 484 35
1602955999557 441 36
1602955999568 262 37
1602955999579 596 38
1602955999590 564 39
1602955999601 574 40
1602955999612 166 41
1602955999623 490 42
1602955999634 45 43
1602955999645 131 44
1602955999656 147 45
1602955999667 229 46
1602955999678 289 47
1602955999689 167 48
1602955999700 390 49
1602955999710 510 50
1602955999721 572 51
1602955999732 533 52
1602955999743 625 53
1602955999754 444 54
1602955999765 4 55
1602955999776 465 56
1602955999787 250 57
1602955999798 254 58
1602955999809 309 59
1602955999820 233 60
1602955999831 175 61
1602955999842 196 62
1602955999853 135 63
1602955999864 205 64
1602955999875 367 65
1602955999886 148 66
1602955999897 333 67
1602955999907 180 68
1602955999918 254 69
1602955999929 312 70
1602955999940 591 71
1602955999951 699 72
1602955999962 295 73
1602955999973 133 74
1602955999984 335 75
1602955999995 469 76
1602956000006 363 77
1602956000017 240 78
1602956000028 193 79
1602956000039 2 80
1602956000050 108 81
1602956000060 280 82
1602956000071 179 83
1602956000082 4 84
1602956000093 503 85
1602956000104 181 86
1602956000114 330 87
1602956000125 261 88
1602956000136 254 89
1602956000147 241 90
1602956000158 361 91
1602956000169 387 92
1602956000181 411 93
1602956000192 146 94
1602956000203 273 95
1602956000214 210 96
1602956000225 157 97
1602956000236 254 98
1602956000247 489 99
