1602955999164 0.019256933950460874 0
1602955999174 0.017492188798620346 1
1602955999185 0.02291643655335939 2
1602955999196 0.013418558262012622 3
1602955999207 0.016116647720336913 4
1602955999218 0.01668498182296753 5
1602955999229 0.021065937077745477 6
1602955999240 0.011575586884935325 7
1602955999251 0.013443036671102483 8
1602955999262 0.015924559206767597 9
1602955999273 0.023096886743982154 10
1602955999285 0.019516696556856113 11
1602955999296 0.019748907822829027 12
1602955999307 0.013819353246107334 13
1602955999318 0.01780633741012145 14
1602955999329 0.016277356248441906 15
1602955999340 0.022268570702651452 16
1602955999350 0.013424137151782369 17
1602955999361 0.009962129932886352 18
1602955999372 0.014975113311999945 19
1602955999383 0.023679198126305735 20
1602955999394 0.014221412990676554 21
1602955999405 0.0207698577787818 22
1602955999416 0.016320492166921913 23
1602955999427 0.014605334938549605 24
1602955999438 0.01689938974380493 25
1602955999449 0.024128203888420803 26
1602955999460 0.019587427232323623 27
1602955999471 0.013271164894104005 28
1602955999482 0.016177630785739784 29
1602955999493 0.012402772282560667 30
1602955999504 0.01864353306506264 31
1602955999515 0.013114691790887865 32
1602955999526 0.01356121492103712 33
1602955999537 0.01759614437184435 34
1602955999548 0.012688296613558917 35
1602955999559 0.013627220162361727 36
1602955999570 0.011084213514585753 37
1602955999581 0.01220338861047471 38
1602955999592 0.012710573532248056 39
1602955999603 0.013337083931626945 40
1602955999615 0.01659690843869562 41
1602955999626 0.01422510547607712 42
1602955999636 0.00970597479623306 43
1602955999647 0.015275710946196442 44
1602955999658 0.01576134491664182 45
1602955999669 0.018359237842345506 46
1602955999680 0.020243254243111124 47
1602955999691 0.022647425006417667 48
1602955999702 0.01709444702521361 49
1602955999713 0.01417145222756073 50
1602955999724 0.012438429623417045 51
1602955999735 0.011952881492785554 52
1602955999746 0.010949046255897325 53
1602955999756 0.013124501003938563 54
1602955999767 0.03315539972497782 55
1602955999778 0.015153622543308097 56
1602955999789 0.016435800371943293 57
1602955999800 0.012826045240186037 58
1602955999811 0.01463018914927607 59
1602955999822 0.02088776357630466 60
1602955999833 0.013451873998847797 61
1602955999844 0.020609506671292795 62
1602955999855 0.01571651941635215 63
1602955999866 0.020676426454023882 64
1602955999877 0.01453427087913439 65
1602955999888 0.029280945072023886 66
1602955999899 0.014172009215122315 67
1602955999910 0.0269420325756073 68
1602955999921 0.015649945867209834 69
1602955999932 0.016641010898156432 70
1602955999943 0.012772205637124095 71
1602955999953 0.012398237890369734 72
1602955999964 0.012843725508723118 73
1602955999975 0.01541518626941575 74
1602955999986 0.014659043069403601 75
1602955999997 0.013750471907740298 76
1602956000008 0.017056238796064247 77
1602956000019 0.010906798533655233 78
1602956000030 0.025776631145154015 79
1602956000041 0.039618536327662095 80
1602956000052 0.01212308347961049 81
1602956000063 0.01984790300317201 82
1602956000073 0.013239302426621566 83
1602956000084 0.03494237334120507 84
1602956000095 0.014641808281260089 85
1602956000106 0.017420366406440735 86
1602956000116 0.018025000543052973 87
1602956000127 0.015138680770479399 88
1602956000138 0.0219833462425832 89
1602956000149 0.0224877018859421 90
1602956000160 0.017824035483869054 91
1602956000172 0.017234527110074335 92
1602956000183 0.014526082635895023 93
1602956000194 0.014389049949462303 94
1602956000205 0.021128095407536962 95
1602956000216 0.017316939181448766 96
1602956000227 0.01701692844060825 97
1602956000238 0.019059367146369167 98
1602956000249 0.014998628651954119 99
