1602955999154 0.9833333333333333 0
1602955999166 0.9666666666666667 1
1602955999177 0.9166666666666666 2
1602955999188 0.9833333333333333 3
1602955999199 0.9666666666666667 4
1602955999209 0.9333333333333333 5
1602955999221 0.95 6
1602955999232 0.95 7
1602955999243 0.95 8
1602955999254 0.95 9
1602955999265 0.9166666666666666 10
1602955999276 0.9333333333333333 11
1602955999287 0.9333333333333333 12
1602955999298 0.9333333333333333 13
1602955999309 0.9333333333333333 14
1602955999320 0.95 15
1602955999331 0.9666666666666667 16
1602955999342 0.9666666666666667 17
1602955999353 0.9666666666666667 18
1602955999364 0.95 19
1602955999375 0.9833333333333333 20
1602955999385 0.9833333333333333 21
1602955999396 0.9666666666666667 22
1602955999407 0.9666666666666667 23
1602955999418 0.9833333333333333 24
1602955999429 0.9833333333333333 25
1602955999440 0.9666666666666667 26
1602955999451 0.9833333333333333 27
1602955999462 0.9833333333333333 28
1602955999473 0.9833333333333333 29
1602955999484 0.9666666666666667 30
1602955999495 0.9666666666666667 31
1602955999506 0.9666666666666667 32
1602955999517 0.9666666666666667 33
1602955999528 0.9666666666666667 34
1602955999539 0.9333333333333333 35
1602955999550 0.95 36
1602955999562 0.9333333333333333 37
1602955999573 0.95 38
1602955999584 0.9333333333333333 39
1602955999595 1.0 40
1602955999606 1.0 41
1602955999617 1.0 42
1602955999628 0.9833333333333333 43
1602955999639 0.9833333333333333 44
1602955999649 0.9666666666666667 45
1602955999660 0.9833333333333333 46
1602955999671 0.9833333333333333 47
1602955999682 0.9666666666666667 48
1602955999693 0.9833333333333333 49
1602955999704 0.9333333333333333 50
1602955999715 0.9166666666666666 51
1602955999726 0.9333333333333333 52
1602955999737 0.9333333333333333 53
1602955999748 0.9166666666666666 54
1602955999759 0.8833333333333333 55
1602955999769 0.95 56
1602955999780 0.9333333333333333 57
1602955999791 0.9333333333333333 58
1602955999802 0.9333333333333333 59
1602955999813 0.9333333333333333 60
1602955999824 0.9333333333333333 61
1602955999835 0.9333333333333333 62
1602955999846 0.9333333333333333 63
1602955999857 0.9333333333333333 64
1602955999868 0.95 65
1602955999879 0.95 66
1602955999890 0.95 67
1602955999901 0.95 68
1602955999912 0.95 69
1602955999923 0.9166666666666666 70
1602955999934 0.9166666666666666 71
1602955999945 0.9333333333333333 72
1602955999956 0.9166666666666666 73
1602955999967 0.9166666666666666 74
1602955999977 0.9166666666666666 75
1602955999988 0.9 76
1602955999999 0.9166666666666666 77
1602956000010 0.9166666666666666 78
1602956000021 0.9 79
1602956000032 0.7833333333333333 80
1602956000043 0.9 81
1602956000054 0.95 82
1602956000065 0.95 83
1602956000076 0.85 84
1602956000086 0.9333333333333333 85
1602956000097 0.9333333333333333 86
1602956000108 0.95 87
1602956000119 0.9333333333333333 88
1602956000129 0.9333333333333333 89
1602956000140 0.95 90
1602956000151 0.95 91
1602956000163 0.95 92
1602956000174 0.95 93
1602956000185 0.9333333333333333 94
1602956000196 0.95 95
1602956000208 0.95 96
1602956000218 0.95 97
1602956000229 0.95 98
1602956000240 0.95 99
