1603027670814 871 0
1603027670824 634 1
1603027670835 799 2
1603027670845 970 3
1603027670856 668 4
1603027670867 503 5
1603027670877 744 6
1603027670888 615 7
1603027670898 690 8
1603027670909 770 9
1603027670919 979 10
1603027670930 595 11
1603027670941 710 12
1603027670951 827 13
1603027670962 780 14
1603027670973 836 15
1603027670983 1302 16
1603027670994 699 17
1603027671004 720 18
1603027671014 1086 19
1603027671025 1038 20
1603027671036 943 21
1603027671046 754 22
1603027671057 823 23
1603027671067 881 24
1603027671078 752 25
1603027671088 792 26
1603027671099 725 27
1603027671109 614 28
1603027671120 890 29
1603027671130 263 30
1603027671141 723 31
1603027671152 635 32
1603027671163 468 33
1603027671174 462 34
1603027671185 363 35
1603027671196 587 36
1603027671207 536 37
1603027671218 388 38
1603027671229 724 39
1603027671240 512 40
1603027671251 876 41
1603027671262 849 42
1603027671272 634 43
1603027671283 674 44
1603027671294 558 45
1603027671304 682 46
1603027671315 910 47
1603027671326 851 48
1603027671337 697 49
1603027671347 909 50
1603027671358 969 51
1603027671369 661 52
1603027671379 956 53
1603027671390 856 54
1603027671400 369 55
1603027671411 953 56
1603027671421 977 57
1603027671432 435 58
1603027671442 705 59
1603027671453 820 60
1603027671463 1044 61
1603027671474 1153 62
1603027671485 593 63
1603027671495 863 64
1603027671505 586 65
1603027671516 631 66
1603027671526 884 67
1603027671537 959 68
1603027671548 776 69
1603027671558 853 70
1603027671569 924 71
1603027671580 843 72
1603027671591 365 73
1603027671602 375 74
1603027671612 759 75
1603027671623 727 76
1603027671633 704 77
1603027671643 565 78
1603027671654 688 79
1603027671664 285 80
1603027671675 520 81
1603027671686 789 82
1603027671696 505 83
1603027671707 669 84
1603027671717 1004 85
1603027671728 585 86
1603027671739 572 87
1603027671749 389 88
1603027671760 781 89
1603027671770 888 90
1603027671781 1023 91
1603027671791 570 92
1603027671802 492 93
1603027671812 400 94
1603027671823 1141 95
1603027671834 1168 96
1603027671845 904 97
1603027671856 846 98
1603027671867 933 99
