1603027670816 0.061205886519004285 0
1603027670827 0.06119022008568651 1
1603027670837 0.06122733284934459 2
1603027670848 0.06120440190148461 3
1603027670858 0.061217882604284964 4
1603027670869 0.061131571928660075 5
1603027670880 0.061160670793973484 6
1603027670890 0.061229775636923604 7
1603027670900 0.061203379274528714 8
1603027670911 0.061162984290090545 9
1603027670921 0.06120652986849441 10
1603027670932 0.0612820801594138 11
1603027670943 0.06126020274511198 12
1603027670953 0.06121939819583929 13
1603027670964 0.06122739206660877 14
1603027670975 0.06131064106604296 15
1603027670985 0.06117319195999383 16
1603027670996 0.061194506413687046 17
1603027671006 0.061210721673763326 18
1603027671016 0.06122383284649062 19
1603027671027 0.061237959496235596 20
1603027671038 0.061512853589519675 21
1603027671048 0.061381076234411525 22
1603027671059 0.061272403207748974 23
1603027671069 0.061032272647694515 24
1603027671080 0.06142856948143613 25
1603027671090 0.06124884278734745 26
1603027671101 0.061358158805153586 27
1603027671111 0.06132808607194666 28
1603027671122 0.061286100345230486 29
1603027671132 0.0612376699007941 30
1603027671143 0.06121807454158044 31
1603027671154 0.06120706902069299 32
1603027671165 0.06130475931864241 33
1603027671176 0.0612144875558345 34
1603027671187 0.061140492891259585 35
1603027671198 0.06113807223897123 36
1603027671209 0.06113523216874387 37
1603027671220 0.06116741747895548 38
1603027671231 0.0613785454303543 39
1603027671242 0.061148743920770875 40
1603027671253 0.06124201961270519 41
1603027671264 0.06139165659222136 42
1603027671275 0.06117644854039954 43
1603027671285 0.06113336809219853 44
1603027671296 0.061156487392437134 45
1603027671306 0.06116417637706673 46
1603027671317 0.06121786260038159 47
1603027671328 0.061273549795150754 48
1603027671339 0.06123325875592202 49
1603027671349 0.0613083952766191 50
1603027671360 0.06129239090593346 51
1603027671371 0.06145293166838497 52
1603027671381 0.06131260593732198 53
1603027671392 0.061330715051064126 54
1603027671402 0.06122708057171732 55
1603027671413 0.061224969287918964 56
1603027671423 0.06124977690450261 57
1603027671434 0.06132165262694937 58
1603027671444 0.06118307643878516 59
1603027671455 0.061358380680761965 60
1603027671465 0.06124179878018119 61
1603027671476 0.0611023240309037 62
1603027671487 0.061305353126809854 63
1603027671497 0.061238577556511076 64
1603027671507 0.0613193272375593 65
1603027671518 0.06125235638650907 66
1603027671529 0.06146739169403359 67
1603027671539 0.061208850707647935 68
1603027671550 0.06136864919890835 69
1603027671561 0.06120845355849335 70
1603027671571 0.061335077476660546 71
1603027671582 0.06130683644494014 72
1603027671593 0.06118362161013693 73
1603027671604 0.06132067387529429 74
1603027671614 0.06136295632064412 75
1603027671625 0.06134958130554387 76
1603027671635 0.061331535140632734 77
1603027671645 0.06136893789942672 78
1603027671656 0.06122571224598556 79
1603027671666 0.06120746776158869 80
1603027671677 0.06138175164951998 81
1603027671688 0.061283630993012206 82
1603027671698 0.06114826301733653 83
1603027671709 0.06077115459192664 84
1603027671720 0.06092873215675354 85
1603027671730 0.06122021358690144 86
1603027671741 0.061259023579964746 87
1603027671751 0.06123485672247431 88
1603027671762 0.06123985425126892 89
1603027671772 0.06124038471088762 90
1603027671783 0.061373662828599046 91
1603027671793 0.061310131653495456 92
1603027671804 0.06121266283601473 93
1603027671814 0.06122029855499145 94
1603027671825 0.061213292573627676 95
1603027671836 0.06126631599254709 96
1603027671847 0.061266156790627774 97
1603027671858 0.06120692359076606 98
1603027671869 0.06121944711986502 99
