1603027670807 0.9642857142857143 0
1603027670818 0.9428571428571428 1
1603027670829 0.95 2
1603027670839 0.9642857142857143 3
1603027670850 0.95 4
1603027670860 0.9357142857142857 5
1603027670871 0.9571428571428572 6
1603027670882 0.9428571428571428 7
1603027670892 0.95 8
1603027670902 0.9571428571428572 9
1603027670913 0.9285714285714286 10
1603027670924 0.9357142857142857 11
1603027670934 0.9428571428571428 12
1603027670945 0.9357142857142857 13
1603027670955 0.9357142857142857 14
1603027670966 0.95 15
1603027670977 0.9428571428571428 16
1603027670987 0.9357142857142857 17
1603027670998 0.9357142857142857 18
1603027671008 0.95 19
1603027671019 0.95 20
1603027671029 0.9571428571428572 21
1603027671040 0.9571428571428572 22
1603027671050 0.9642857142857143 23
1603027671061 0.9571428571428572 24
1603027671071 0.9214285714285714 25
1603027671082 0.9428571428571428 26
1603027671092 0.9428571428571428 27
1603027671103 0.9142857142857143 28
1603027671114 0.9285714285714286 29
1603027671124 0.9071428571428571 30
1603027671134 0.95 31
1603027671145 0.9357142857142857 32
1603027671156 0.9214285714285714 33
1603027671167 0.9285714285714286 34
1603027671178 0.95 35
1603027671189 0.9642857142857143 36
1603027671201 0.9571428571428572 37
1603027671212 0.9714285714285714 38
1603027671222 0.9714285714285714 39
1603027671233 0.95 40
1603027671244 0.9642857142857143 41
1603027671255 0.9642857142857143 42
1603027671266 0.9571428571428572 43
1603027671277 0.9642857142857143 44
1603027671287 0.9285714285714286 45
1603027671298 0.9714285714285714 46
1603027671309 0.9785714285714285 47
1603027671319 0.9642857142857143 48
1603027671330 0.95 49
1603027671341 0.9642857142857143 50
1603027671352 0.9642857142857143 51
1603027671362 0.9642857142857143 52
1603027671373 0.9571428571428572 53
1603027671383 0.9571428571428572 54
1603027671394 0.8857142857142857 55
1603027671405 0.9642857142857143 56
1603027671415 0.9571428571428572 57
1603027671425 0.9214285714285714 58
1603027671436 0.9571428571428572 59
1603027671446 0.95 60
1603027671457 0.9714285714285714 61
1603027671468 0.9714285714285714 62
1603027671478 0.9357142857142857 63
1603027671489 0.9428571428571428 64
1603027671499 0.9642857142857143 65
1603027671510 0.9428571428571428 66
1603027671520 0.9714285714285714 67
1603027671531 0.9642857142857143 68
1603027671541 0.9714285714285714 69
1603027671552 0.9642857142857143 70
1603027671563 0.9642857142857143 71
1603027671573 0.9428571428571428 72
1603027671584 0.9214285714285714 73
1603027671595 0.9285714285714286 74
1603027671606 0.9714285714285714 75
1603027671616 0.9285714285714286 76
1603027671627 0.9714285714285714 77
1603027671637 0.9357142857142857 78
1603027671648 0.9642857142857143 79
1603027671658 0.9357142857142857 80
1603027671669 0.9214285714285714 81
1603027671679 0.9714285714285714 82
1603027671690 0.95 83
1603027671700 0.9214285714285714 84
1603027671711 0.9857142857142858 85
1603027671722 0.95 86
1603027671732 0.9642857142857143 87
1603027671743 0.9571428571428572 88
1603027671754 0.9928571428571429 89
1603027671764 0.95 90
1603027671774 0.9714285714285714 91
1603027671785 0.9428571428571428 92
1603027671795 0.9285714285714286 93
1603027671806 0.9357142857142857 94
1603027671817 0.9785714285714285 95
1603027671828 0.9928571428571429 96
1603027671838 0.9714285714285714 97
1603027671849 0.9785714285714285 98
1603027671860 0.9785714285714285 99
