1602954888296 1449 0
1602954888307 1180 1
1602954888318 634 2
1602954888329 1144 3
1602954888339 1538 4
1602954888350 797 5
1602954888361 615 6
1602954888372 693 7
1602954888383 974 8
1602954888394 1399 9
1602954888404 790 10
1602954888415 1068 11
1602954888426 885 12
1602954888437 712 13
1602954888447 780 14
1602954888458 1120 15
1602954888469 1014 16
1602954888480 730 17
1602954888491 813 18
1602954888502 815 19
1602954888512 525 20
1602954888523 782 21
1602954888534 1044 22
1602954888544 860 23
1602954888555 948 24
1602954888566 765 25
1602954888576 1029 26
1602954888587 1363 27
1602954888598 1238 28
1602954888608 1578 29
1602954888619 1092 30
1602954888630 1135 31
1602954888641 1238 32
1602954888652 604 33
1602954888662 852 34
1602954888673 665 35
1602954888684 726 36
1602954888694 679 37
1602954888705 1202 38
1602954888715 1764 39
1602954888726 1679 40
1602954888737 1217 41
1602954888747 1199 42
1602954888758 888 43
1602954888769 1098 44
1602954888779 1434 45
1602954888790 909 46
1602954888801 385 47
1602954888812 967 48
1602954888822 1274 49
1602954888833 1294 50
1602954888844 1496 51
1602954888855 1565 52
1602954888865 1307 53
1602954888876 1531 54
1602954888887 1442 55
1602954888897 746 56
1602954888908 926 57
1602954888918 1530 58
1602954888929 609 59
1602954888940 856 60
1602954888951 1170 61
1602954888961 918 62
1602954888972 706 63
1602954888983 1196 64
1602954888994 832 65
1602954889005 1447 66
1602954889015 1096 67
1602954889026 1627 68
1602954889037 1135 69
1602954889047 1072 70
1602954889058 792 71
1602954889069 878 72
1602954889079 1041 73
1602954889090 1649 74
1602954889101 894 75
1602954889111 1553 76
1602954889122 935 77
1602954889133 1003 78
1602954889144 806 79
1602954889154 830 80
1602954889165 1617 81
1602954889176 1102 82
1602954889187 1527 83
1602954889198 929 84
1602954889208 667 85
1602954889219 928 86
1602954889229 1040 87
1602954889240 772 88
1602954889251 986 89
1602954889261 819 90
1602954889272 391 91
1602954889283 482 92
1602954889294 579 93
1602954889304 334 94
1602954889315 595 95
1602954889326 1216 96
1602954889337 637 97
1602954889348 487 98
1602954889358 669 99
