1602954888298 0.0048415241151249415 0
1602954888309 0.004799772424307483 1
1602954888320 0.004912222400431214 2
1602954888331 0.004798878604730752 3
1602954888342 0.004912136495113373 4
1602954888352 0.004795779264630826 5
1602954888363 0.004675158741250859 6
1602954888374 0.004866133079872475 7
1602954888385 0.005044711709587495 8
1602954888396 0.005082820239585587 9
1602954888407 0.005153309397336815 10
1602954888417 0.005076180737337962 11
1602954888428 0.005093783607303536 12
1602954888439 0.004947359103235884 13
1602954888450 0.0051057662839203875 14
1602954888460 0.005097339967053807 15
1602954888471 0.005029519113646803 16
1602954888482 0.005019170164002675 17
1602954888493 0.005010793918049619 18
1602954888504 0.005095139866663682 19
1602954888514 0.004779417896146737 20
1602954888525 0.004509239967423256 21
1602954888536 0.005037623704696188 22
1602954888547 0.0049436920094040205 23
1602954888557 0.0047824228821645364 24
1602954888568 0.004760776041101216 25
1602954888579 0.0048168490294772095 26
1602954888589 0.004791635988413062 27
1602954888600 0.004847253740992068 28
1602954888611 0.004776987594958925 29
1602954888621 0.005011590786002958 30
1602954888632 0.004818853445812664 31
1602954888643 0.0047950006921195125 32
1602954888654 0.005080246031792038 33
1602954888664 0.00495246938209987 34
1602954888675 0.004920286079412487 35
1602954888686 0.005034252011519486 36
1602954888696 0.0041501569595823636 37
1602954888707 0.004827784835745435 38
1602954888718 0.00482800692447777 39
1602954888728 0.004885254009072029 40
1602954888739 0.004954348813306104 41
1602954888749 0.004922906875610352 42
1602954888760 0.004920927316200833 43
1602954888771 0.004979587957713617 44
1602954888781 0.004939771693253299 45
1602954888792 0.004999839466780865 46
1602954888803 0.004980326050761881 47
1602954888814 0.004962359441855836 48
1602954888825 0.004821913206906329 49
1602954888835 0.004896435881276726 50
1602954888846 0.004903642594676007 51
1602954888857 0.004879272735870637 52
1602954888867 0.004884589510894732 53
1602954888878 0.004876339281456333 54
1602954888889 0.004891008223725091 55
1602954888899 0.004924614098156505 56
1602954888910 0.0048918976005932965 57
1602954888921 0.004887470788633715 58
1602954888931 0.004892030922142235 59
1602954888942 0.004926656869741587 60
1602954888953 0.004885712782715243 61
1602954888963 0.004942954480648041 62
1602954888974 0.004962147492033219 63
1602954888985 0.004983470976701257 64
1602954888996 0.005091175115365776 65
1602954889007 0.004927352975143508 66
1602954889017 0.004989664692905068 67
1602954889028 0.004822522833227214 68
1602954889039 0.004871656502853861 69
1602954889049 0.0050094081289082494 70
1602954889060 0.005026671979520414 71
1602954889071 0.005012275364773332 72
1602954889082 0.0048561394721185185 73
1602954889092 0.005008308012938169 74
1602954889103 0.004993679362697957 75
1602954889114 0.004949184758402626 76
1602954889124 0.005021689132488964 77
1602954889135 0.004939611675669846 78
1602954889146 0.005018964017128682 79
1602954889157 0.005028887182219416 80
1602954889167 0.004981488489627064 81
1602954889178 0.0050996384953939785 82
1602954889189 0.005038138043274561 83
1602954889200 0.005026802914032084 84
1602954889210 0.0051161282160055955 85
1602954889221 0.004843164537404035 86
1602954889232 0.003952776822518176 87
1602954889242 0.004874340991645539 88
1602954889253 0.004794984050980584 89
1602954889264 0.004068256659524218 90
1602954889274 0.004557032563909335 91
1602954889285 0.004797056723332059 92
1602954889296 0.004849567809934598 93
1602954889307 0.004745925014669245 94
1602954889317 0.004722713456608098 95
1602954889328 0.004817617332249763 96
1602954889339 0.004921438781458415 97
1602954889350 0.00485431838942968 98
1602954889360 0.004781422578743872 99
