1602954888287 0.9857142857142858 0
1602954888301 0.9928571428571429 1
1602954888311 0.9642857142857143 2
1602954888322 0.9928571428571429 3
1602954888333 0.9928571428571429 4
1602954888344 0.9642857142857143 5
1602954888355 0.9571428571428572 6
1602954888365 0.9571428571428572 7
1602954888376 0.9642857142857143 8
1602954888387 0.9928571428571429 9
1602954888398 0.9642857142857143 10
1602954888409 0.9571428571428572 11
1602954888420 0.9714285714285714 12
1602954888430 0.9428571428571428 13
1602954888441 0.9571428571428572 14
1602954888452 0.9642857142857143 15
1602954888463 0.9571428571428572 16
1602954888474 0.95 17
1602954888484 0.9428571428571428 18
1602954888495 0.9428571428571428 19
1602954888506 0.9357142857142857 20
1602954888517 0.9428571428571428 21
1602954888527 0.9642857142857143 22
1602954888538 0.9571428571428572 23
1602954888549 0.9785714285714285 24
1602954888559 0.9428571428571428 25
1602954888570 0.9571428571428572 26
1602954888581 0.9928571428571429 27
1602954888591 0.9714285714285714 28
1602954888602 0.9857142857142858 29
1602954888613 0.9785714285714285 30
1602954888624 0.9785714285714285 31
1602954888634 0.9857142857142858 32
1602954888645 0.95 33
1602954888656 0.9714285714285714 34
1602954888666 0.9928571428571429 35
1602954888677 0.9785714285714285 36
1602954888688 0.9928571428571429 37
1602954888699 0.9928571428571429 38
1602954888709 0.9857142857142858 39
1602954888720 0.9857142857142858 40
1602954888730 0.9785714285714285 41
1602954888741 0.9928571428571429 42
1602954888751 0.9714285714285714 43
1602954888762 0.9785714285714285 44
1602954888773 1.0 45
1602954888784 0.9928571428571429 46
1602954888794 0.9285714285714286 47
1602954888805 0.9857142857142858 48
1602954888816 0.9928571428571429 49
1602954888827 0.9928571428571429 50
1602954888838 0.9857142857142858 51
1602954888848 1.0 52
1602954888859 0.9928571428571429 53
1602954888870 1.0 54
1602954888880 0.9785714285714285 55
1602954888891 0.9714285714285714 56
1602954888901 0.9714285714285714 57
1602954888912 0.9714285714285714 58
1602954888923 0.9571428571428572 59
1602954888933 0.9642857142857143 60
1602954888944 0.9857142857142858 61
1602954888955 0.9785714285714285 62
1602954888966 0.9571428571428572 63
1602954888977 0.9714285714285714 64
1602954888987 0.9714285714285714 65
1602954888998 0.9928571428571429 66
1602954889009 0.9857142857142858 67
1602954889020 0.9928571428571429 68
1602954889030 0.9785714285714285 69
1602954889041 0.9928571428571429 70
1602954889052 0.9714285714285714 71
1602954889062 0.9642857142857143 72
1602954889073 0.9928571428571429 73
1602954889084 1.0 74
1602954889094 0.9785714285714285 75
1602954889105 1.0 76
1602954889116 0.9928571428571429 77
1602954889126 0.9857142857142858 78
1602954889137 0.9714285714285714 79
1602954889148 0.9857142857142858 80
1602954889159 1.0 81
1602954889170 0.9857142857142858 82
1602954889181 1.0 83
1602954889191 0.9714285714285714 84
1602954889202 0.9714285714285714 85
1602954889212 1.0 86
1602954889223 1.0 87
1602954889234 0.9785714285714285 88
1602954889244 1.0 89
1602954889255 0.9642857142857143 90
1602954889266 0.9357142857142857 91
1602954889276 0.95 92
1602954889287 0.9785714285714285 93
1602954889298 0.9285714285714286 94
1602954889309 0.9857142857142858 95
1602954889320 0.9928571428571429 96
1602954889330 0.9785714285714285 97
1602954889341 0.9714285714285714 98
1602954889352 0.9714285714285714 99
