1603018896855 96 0
1603018896866 106 1
1603018896876 197 2
1603018896887 135 3
1603018896898 193 4
1603018896908 353 5
1603018896919 165 6
1603018896930 188 7
1603018896941 213 8
1603018896952 203 9
1603018896963 106 10
1603018896974 120 11
1603018896984 324 12
1603018896995 111 13
1603018897006 78 14
1603018897017 214 15
1603018897028 332 16
1603018897038 205 17
1603018897049 169 18
1603018897060 182 19
1603018897071 162 20
1603018897082 123 21
1603018897093 99 22
1603018897104 180 23
1603018897115 100 24
1603018897125 180 25
1603018897136 215 26
1603018897147 129 27
1603018897158 197 28
1603018897168 168 29
1603018897179 321 30
1603018897190 162 31
1603018897200 355 32
1603018897211 163 33
1603018897222 445 34
1603018897233 156 35
1603018897243 144 36
1603018897254 79 37
1603018897265 133 38
1603018897276 529 39
1603018897287 220 40
1603018897298 133 41
1603018897308 173 42
1603018897319 168 43
1603018897330 145 44
1603018897341 202 45
1603018897352 142 46
1603018897362 179 47
1603018897373 112 48
1603018897384 149 49
1603018897394 178 50
1603018897405 219 51
1603018897416 240 52
1603018897427 363 53
1603018897438 217 54
1603018897448 74 55
1603018897459 242 56
1603018897470 216 57
1603018897480 225 58
1603018897491 169 59
1603018897502 227 60
1603018897513 304 61
1603018897523 160 62
1603018897534 111 63
1603018897545 238 64
1603018897556 48 65
1603018897566 173 66
1603018897577 81 67
1603018897588 206 68
1603018897599 50 69
1603018897610 96 70
1603018897621 12 71
1603018897631 130 72
1603018897642 127 73
1603018897653 117 74
1603018897664 126 75
1603018897675 114 76
1603018897685 202 77
1603018897696 150 78
1603018897707 204 79
1603018897717 212 80
1603018897728 104 81
1603018897739 149 82
1603018897750 200 83
1603018897761 132 84
1603018897772 199 85
1603018897783 282 86
1603018897794 262 87
1603018897805 73 88
1603018897815 94 89
1603018897826 150 90
1603018897837 176 91
1603018897847 144 92
1603018897858 163 93
1603018897869 176 94
1603018897879 280 95
1603018897890 85 96
1603018897901 155 97
1603018897911 369 98
1603018897922 112 99
