1603018896857 0.027665904310883067 0
1603018896868 0.027651018632617673 1
1603018896879 0.027638735910968593 2
1603018896889 0.02762128137847752 3
1603018896900 0.02763941093366973 4
1603018896911 0.0276595251449686 5
1603018896922 0.027682557350068582 6
1603018896933 0.027519738102311137 7
1603018896944 0.02732408945522611 8
1603018896954 0.027537294484059744 9
1603018896965 0.027658762974976416 10
1603018896976 0.02757249977953153 11
1603018896986 0.027389172322764426 12
1603018896997 0.02729320526123047 13
1603018897008 0.027271839738623495 14
1603018897019 0.02742038339671522 15
1603018897030 0.027600929623558406 16
1603018897041 0.027674435667820373 17
1603018897051 0.02762849598236433 18
1603018897062 0.027579789970353333 19
1603018897073 0.02761036542885204 20
1603018897084 0.027722365554721875 21
1603018897095 0.027643293645547434 22
1603018897106 0.027648581765514758 23
1603018897117 0.027640838806445783 24
1603018897128 0.027600767535548056 25
1603018897138 0.027614951460328822 26
1603018897149 0.0275927997424099 27
1603018897160 0.027719191256785552 28
1603018897170 0.027676678002814887 29
1603018897181 0.02764398917723238 30
1603018897192 0.02766690398222648 31
1603018897203 0.027673641840616863 32
1603018897213 0.027677019989048993 33
1603018897224 0.027653050946665335 34
1603018897235 0.027640138152082997 35
1603018897246 0.027705608095441547 36
1603018897256 0.02770822134044362 37
1603018897267 0.027649298635227287 38
1603018897278 0.027673188377829158 39
1603018897289 0.027660942358956577 40
1603018897300 0.02767846776914464 41
1603018897311 0.027768305054417363 42
1603018897321 0.027682599425315858 43
1603018897332 0.027620969384403553 44
1603018897343 0.02760732647598974 45
1603018897354 0.027623987056799894 46
1603018897364 0.027658643688352306 47
1603018897375 0.027631471197636683 48
1603018897386 0.027668081906687216 49
1603018897397 0.027645579344934695 50
1603018897407 0.027651289979854745 51
1603018897418 0.02764713203205782 52
1603018897429 0.027715679893740824 53
1603018897440 0.027749410382023564 54
1603018897451 0.02774060799387957 55
1603018897461 0.027707480141336883 56
1603018897472 0.027677791543526224 57
1603018897483 0.02766950569654766 58
1603018897493 0.027733812029932588 59
1603018897504 0.027668274879455567 60
1603018897515 0.027688255994626793 61
1603018897526 0.02762799947028844 62
1603018897536 0.027594855289585545 63
1603018897547 0.027575752038634226 64
1603018897558 0.027595939674997717 65
1603018897569 0.027611220048533544 66
1603018897579 0.027600177429007285 67
1603018897590 0.02761529707441143 68
1603018897601 0.027598891563499737 69
1603018897612 0.027595926414836536 70
1603018897623 0.027459981933675565 71
1603018897634 0.02723415909391461 72
1603018897644 0.027766621166280567 73
1603018897655 0.027625589459030715 74
1603018897666 0.027637440541068915 75
1603018897677 0.027758997419606083 76
1603018897687 0.027716909592656602 77
1603018897698 0.02764694022123145 78
1603018897709 0.027635931009901114 79
1603018897720 0.0276491375396046 80
1603018897730 0.02765082283273488 81
1603018897741 0.02763291439378118 82
1603018897752 0.02762207557196633 83
1603018897763 0.02766232625130684 84
1603018897774 0.027643903096516927 85
1603018897785 0.02766833391165059 86
1603018897796 0.02759863750091116 87
1603018897807 0.027613398093911723 88
1603018897817 0.027646722658625188 89
1603018897828 0.02764758014678955 90
1603018897839 0.02762882477968071 91
1603018897849 0.02757748064956045 92
1603018897860 0.027640387762424556 93
1603018897871 0.027575888385662453 94
1603018897881 0.02761749787764116 95
1603018897892 0.027598006311780124 96
1603018897903 0.02760356127678811 97
1603018897913 0.027605329442211963 98
1603018897924 0.02761372044176023 99
