1603018896848 0.9833333333333333 0
1603018896859 0.9666666666666667 1
1603018896870 0.9833333333333333 2
1603018896881 0.9833333333333333 3
1603018896891 0.9833333333333333 4
1603018896902 0.9833333333333333 5
1603018896913 0.9666666666666667 6
1603018896924 0.9833333333333333 7
1603018896935 0.9833333333333333 8
1603018896946 0.9833333333333333 9
1603018896956 0.9833333333333333 10
1603018896967 0.95 11
1603018896978 0.9833333333333333 12
1603018896989 0.95 13
1603018896999 0.9333333333333333 14
1603018897010 0.9833333333333333 15
1603018897021 0.9833333333333333 16
1603018897032 1.0 17
1603018897043 1.0 18
1603018897053 0.9833333333333333 19
1603018897064 0.9833333333333333 20
1603018897075 0.9666666666666667 21
1603018897086 0.9666666666666667 22
1603018897097 1.0 23
1603018897108 0.9666666666666667 24
1603018897119 0.9833333333333333 25
1603018897130 0.9833333333333333 26
1603018897140 0.9833333333333333 27
1603018897151 0.9833333333333333 28
1603018897162 0.9833333333333333 29
1603018897173 1.0 30
1603018897183 0.9666666666666667 31
1603018897194 1.0 32
1603018897205 0.9833333333333333 33
1603018897216 0.9833333333333333 34
1603018897226 0.95 35
1603018897237 0.9333333333333333 36
1603018897248 0.9166666666666666 37
1603018897258 0.9333333333333333 38
1603018897269 0.9666666666666667 39
1603018897280 1.0 40
1603018897291 1.0 41
1603018897302 1.0 42
1603018897313 1.0 43
1603018897324 1.0 44
1603018897334 0.9833333333333333 45
1603018897345 0.9833333333333333 46
1603018897356 0.9833333333333333 47
1603018897366 0.9666666666666667 48
1603018897377 0.9833333333333333 49
1603018897388 0.9666666666666667 50
1603018897399 0.95 51
1603018897410 0.9666666666666667 52
1603018897420 0.9666666666666667 53
1603018897431 0.9666666666666667 54
1603018897442 0.9333333333333333 55
1603018897453 0.9666666666666667 56
1603018897463 0.9666666666666667 57
1603018897474 0.9666666666666667 58
1603018897485 0.9666666666666667 59
1603018897495 0.9666666666666667 60
1603018897506 0.95 61
1603018897517 0.9666666666666667 62
1603018897528 0.9666666666666667 63
1603018897538 0.9666666666666667 64
1603018897549 0.95 65
1603018897560 0.9666666666666667 66
1603018897571 0.9666666666666667 67
1603018897582 0.9833333333333333 68
1603018897592 0.9666666666666667 69
1603018897603 0.95 70
1603018897614 0.9166666666666666 71
1603018897625 0.95 72
1603018897636 0.9333333333333333 73
1603018897647 0.9666666666666667 74
1603018897657 0.9833333333333333 75
1603018897668 0.9333333333333333 76
1603018897679 0.9333333333333333 77
1603018897689 0.9166666666666666 78
1603018897700 0.95 79
1603018897711 1.0 80
1603018897722 0.9666666666666667 81
1603018897733 0.9666666666666667 82
1603018897744 0.9833333333333333 83
1603018897755 0.9666666666666667 84
1603018897766 0.9666666666666667 85
1603018897776 0.95 86
1603018897788 0.9666666666666667 87
1603018897798 0.9 88
1603018897809 0.9333333333333333 89
1603018897820 0.9666666666666667 90
1603018897830 0.95 91
1603018897841 0.9666666666666667 92
1603018897852 0.9666666666666667 93
1603018897862 0.9666666666666667 94
1603018897873 0.95 95
1603018897884 0.95 96
1603018897894 0.9666666666666667 97
1603018897905 0.9666666666666667 98
1603018897916 0.9666666666666667 99
