1602971275741 1099 0
1602971275752 932 1
1602971275763 867 2
1602971275773 1415 3
1602971275784 367 4
1602971275795 533 5
1602971275806 906 6
1602971275817 922 7
1602971275828 690 8
1602971275839 735 9
1602971275849 444 10
1602971275860 643 11
1602971275871 583 12
1602971275882 777 13
1602971275893 341 14
1602971275904 295 15
1602971275915 959 16
1602971275926 219 17
1602971275937 209 18
1602971275949 572 19
1602971275960 28 20
1602971275971 220 21
1602971275982 232 22
1602971275993 165 23
1602971276004 244 24
1602971276014 391 25
1602971276025 377 26
1602971276036 18 27
1602971276047 730 28
1602971276058 483 29
1602971276069 743 30
1602971276080 292 31
1602971276091 393 32
1602971276101 880 33
1602971276112 442 34
1602971276123 324 35
1602971276134 361 36
1602971276144 637 37
1602971276155 426 38
1602971276166 465 39
1602971276177 662 40
1602971276187 562 41
1602971276198 825 42
1602971276209 573 43
1602971276220 594 44
1602971276231 688 45
1602971276242 204 46
1602971276252 194 47
1602971276263 528 48
1602971276274 23 49
1602971276285 326 50
1602971276296 257 51
1602971276307 169 52
1602971276318 925 53
1602971276329 206 54
1602971276340 504 55
1602971276350 294 56
1602971276361 234 57
1602971276372 494 58
1602971276383 157 59
1602971276394 201 60
1602971276405 632 61
1602971276416 538 62
1602971276427 532 63
1602971276437 511 64
1602971276448 277 65
1602971276459 1040 66
1602971276470 319 67
1602971276481 471 68
1602971276491 384 69
1602971276502 380 70
1602971276513 354 71
1602971276524 271 72
1602971276535 483 73
1602971276546 262 74
1602971276557 537 75
1602971276567 753 76
1602971276578 362 77
1602971276589 498 78
1602971276599 631 79
1602971276610 61 80
1602971276621 210 81
1602971276632 159 82
1602971276643 373 83
1602971276653 116 84
1602971276664 462 85
1602971276675 563 86
1602971276686 873 87
1602971276697 466 88
1602971276708 543 89
1602971276719 536 90
1602971276729 655 91
1602971276740 611 92
1602971276751 328 93
1602971276762 369 94
1602971276773 671 95
1602971276784 557 96
1602971276795 1144 97
1602971276806 579 98
1602971276817 142 99
