1602971275743 0.16760748185814892 0
1602971275754 0.16811995657300308 1
1602971275765 0.16778930735070308 2
1602971275776 0.16790256736717057 3
1602971275786 0.1681702285465514 4
1602971275797 0.16776779466781064 5
1602971275808 0.16804946267950363 6
1602971275819 0.1678264464756611 7
1602971275830 0.1681513110658156 8
1602971275841 0.16796829938278784 9
1602971275851 0.1680014826530634 10
1602971275862 0.16801346304726467 11
1602971275873 0.16798030265428313 12
1602971275884 0.16795566960098807 13
1602971275895 0.16780191326373395 14
1602971275906 0.16803824755211969 15
1602971275917 0.16775186331766956 16
1602971275928 0.16799644354536436 17
1602971275940 0.1681351411242445 18
1602971275951 0.1679870938189553 19
1602971275962 0.16777071908668237 20
1602971275973 0.16779042718414458 21
1602971275984 0.16795559217877676 22
1602971275995 0.16762871011016295 23
1602971276006 0.16818002859751383 24
1602971276017 0.16794768807851723 25
1602971276027 0.16790687289070244 26
1602971276038 0.1677374214739413 27
1602971276049 0.16786993683173482 28
1602971276060 0.16801153340651712 29
1602971276071 0.16797794817824002 30
1602971276082 0.16801178795950752 31
1602971276093 0.1678846970122249 32
1602971276103 0.16792156549426618 33
1602971276114 0.16782007152867165 34
1602971276125 0.16759417518870787 35
1602971276136 0.16785139181675054 36
1602971276146 0.1678830941967147 37
1602971276157 0.1679280560118214 38
1602971276168 0.16786145398070693 39
1602971276179 0.1677003485637074 40
1602971276189 0.16809296196904674 41
1602971276200 0.16782847459673655 42
1602971276211 0.16759118695317962 43
1602971276222 0.16818542644059642 44
1602971276233 0.16784563173359338 45
1602971276244 0.16780872244372147 46
1602971276255 0.16772199767621157 47
1602971276265 0.16793531597040262 48
1602971276276 0.1679207273751251 49
1602971276287 0.16797696815434762 50
1602971276298 0.16772582096474192 51
1602971276309 0.16783235233985574 52
1602971276320 0.16788765695268307 53
1602971276331 0.16762339723019198 54
1602971276342 0.16793210368511105 55
1602971276353 0.16804350916631217 56
1602971276364 0.16802994213328057 57
1602971276374 0.16811833718810418 58
1602971276385 0.16797054382952414 59
1602971276396 0.1678105608413094 60
1602971276407 0.16779172094793268 61
1602971276418 0.16808466981927692 62
1602971276429 0.1680640937303834 63
1602971276440 0.16808543563668243 64
1602971276450 0.16814039979073708 65
1602971276461 0.16803209593421534 66
1602971276472 0.16821113965090584 67
1602971276483 0.16805952885111825 68
1602971276494 0.1680758637611312 69
1602971276504 0.16805911626571263 70
1602971276515 0.1678254356801184 71
1602971276526 0.16770104876714736 72
1602971276537 0.1679080331886716 73
1602971276548 0.16802049172732375 74
1602971276559 0.16803244067776588 75
1602971276569 0.16805782856971724 76
1602971276580 0.16805025801366688 77
1602971276591 0.16797263300671358 78
1602971276602 0.16806868000004424 79
1602971276612 0.1680769389437646 80
1602971276623 0.1678515774252169 81
1602971276634 0.1676370248468349 82
1602971276645 0.16811284769594279 83
1602971276655 0.16790915387017386 84
1602971276666 0.16795127684015576 85
1602971276677 0.16788662167035193 86
1602971276688 0.16769032520991908 87
1602971276699 0.16789475360115635 88
1602971276710 0.16776047815904208 89
1602971276721 0.16803613098912268 90
1602971276732 0.16777942512209051 91
1602971276743 0.16771174114297044 92
1602971276754 0.16795265137866774 93
1602971276765 0.168093779956354 94
1602971276775 0.16782660745992894 95
1602971276786 0.16794805711514213 96
1602971276797 0.1680654626567264 97
1602971276808 0.16792908616151578 98
1602971276819 0.1680025480070167 99
