1602971275734 1.0 0
1602971275745 1.0 1
1602971275756 0.99 2
1602971275767 1.0 3
1602971275778 1.0 4
1602971275788 0.99 5
1602971275799 1.0 6
1602971275810 1.0 7
1602971275821 0.99 8
1602971275832 0.98 9
1602971275843 1.0 10
1602971275854 1.0 11
1602971275865 1.0 12
1602971275875 1.0 13
1602971275886 1.0 14
1602971275897 1.0 15
1602971275908 1.0 16
1602971275919 1.0 17
1602971275931 1.0 18
1602971275942 1.0 19
1602971275953 0.91 20
1602971275964 0.96 21
1602971275975 0.94 22
1602971275986 0.92 23
1602971275997 0.94 24
1602971276008 1.0 25
1602971276019 1.0 26
1602971276030 0.96 27
1602971276041 1.0 28
1602971276051 1.0 29
1602971276063 1.0 30
1602971276073 1.0 31
1602971276084 1.0 32
1602971276095 1.0 33
1602971276106 1.0 34
1602971276116 1.0 35
1602971276127 1.0 36
1602971276138 1.0 37
1602971276149 1.0 38
1602971276160 1.0 39
1602971276170 1.0 40
1602971276181 0.99 41
1602971276192 0.99 42
1602971276202 0.99 43
1602971276213 1.0 44
1602971276224 1.0 45
1602971276235 0.99 46
1602971276246 0.99 47
1602971276257 1.0 48
1602971276268 0.99 49
1602971276279 1.0 50
1602971276290 1.0 51
1602971276301 0.98 52
1602971276311 1.0 53
1602971276322 1.0 54
1602971276333 0.99 55
1602971276344 0.98 56
1602971276355 0.97 57
1602971276366 0.99 58
1602971276376 0.96 59
1602971276387 0.98 60
1602971276398 0.99 61
1602971276409 1.0 62
1602971276420 1.0 63
1602971276431 1.0 64
1602971276442 0.99 65
1602971276453 0.99 66
1602971276464 0.98 67
1602971276474 0.99 68
1602971276485 0.98 69
1602971276496 0.99 70
1602971276507 0.99 71
1602971276518 0.97 72
1602971276529 0.99 73
1602971276539 0.96 74
1602971276550 1.0 75
1602971276561 1.0 76
1602971276572 0.99 77
1602971276582 1.0 78
1602971276593 0.99 79
1602971276604 0.95 80
1602971276615 0.99 81
1602971276625 0.98 82
1602971276636 0.99 83
1602971276647 0.98 84
1602971276658 1.0 85
1602971276668 0.98 86
1602971276679 1.0 87
1602971276690 0.98 88
1602971276701 0.99 89
1602971276712 1.0 90
1602971276723 1.0 91
1602971276734 1.0 92
1602971276745 1.0 93
1602971276756 1.0 94
1602971276767 0.99 95
1602971276778 0.99 96
1602971276789 0.99 97
1602971276799 0.99 98
1602971276810 0.98 99
