1603028810179 664 0
1603028810190 275 1
1603028810201 457 2
1603028810212 472 3
1603028810223 680 4
1603028810234 515 5
1603028810245 620 6
1603028810256 285 7
1603028810267 484 8
1603028810278 440 9
1603028810288 748 10
1603028810299 605 11
1603028810310 428 12
1603028810321 458 13
1603028810332 164 14
1603028810343 460 15
1603028810354 263 16
1603028810365 420 17
1603028810376 487 18
1603028810387 410 19
1603028810398 537 20
1603028810409 1063 21
1603028810419 302 22
1603028810431 419 23
1603028810442 378 24
1603028810453 650 25
1603028810464 570 26
1603028810475 457 27
1603028810486 434 28
1603028810497 287 29
1603028810509 240 30
1603028810520 253 31
1603028810532 504 32
1603028810543 552 33
1603028810554 347 34
1603028810565 410 35
1603028810576 435 36
1603028810588 222 37
1603028810599 354 38
1603028810610 300 39
1603028810621 621 40
1603028810632 416 41
1603028810643 384 42
1603028810654 249 43
1603028810665 477 44
1603028810676 787 45
1603028810687 320 46
1603028810697 444 47
1603028810708 270 48
1603028810719 475 49
1603028810730 461 50
1603028810741 522 51
1603028810752 578 52
1603028810763 723 53
1603028810774 853 54
1603028810785 821 55
1603028810796 334 56
1603028810807 503 57
1603028810818 519 58
1603028810829 581 59
1603028810840 475 60
1603028810850 587 61
1603028810861 251 62
1603028810872 621 63
1603028810883 581 64
1603028810894 506 65
1603028810905 244 66
1603028810916 344 67
1603028810927 400 68
1603028810938 521 69
1603028810949 763 70
1603028810960 551 71
1603028810971 246 72
1603028810982 624 73
1603028810993 713 74
1603028811003 579 75
1603028811014 297 76
1603028811025 201 77
1603028811036 624 78
1603028811047 324 79
1603028811058 304 80
1603028811069 287 81
1603028811080 382 82
1603028811091 251 83
1603028811102 558 84
1603028811113 357 85
1603028811124 230 86
1603028811135 816 87
1603028811145 503 88
1603028811156 461 89
1603028811167 285 90
1603028811178 441 91
1603028811189 539 92
1603028811200 582 93
1603028811211 275 94
1603028811222 559 95
1603028811233 527 96
1603028811244 275 97
1603028811255 401 98
1603028811266 472 99
