1603028810182 0.016039592745416453 0
1603028810192 0.01576551732534839 1
1603028810203 0.01583486730316071 2
1603028810214 0.01588292678447928 3
1603028810225 0.015820423762003582 4
1603028810236 0.01574610112835167 5
1603028810247 0.015730742944611444 6
1603028810258 0.015789086319679436 7
1603028810269 0.015749429362688878 8
1603028810280 0.01580013227007399 9
1603028810291 0.015910763223216218 10
1603028810302 0.01593833274029671 11
1603028810313 0.01571470112523935 12
1603028810324 0.015831293636246732 13
1603028810335 0.015804800668315046 14
1603028810345 0.015806844864768542 15
1603028810356 0.01585424601376712 16
1603028810367 0.015207573582854452 17
1603028810378 0.015633817019616927 18
1603028810389 0.015734571032226086 19
1603028810400 0.015725066885352135 20
1603028810411 0.015709685220563645 21
1603028810422 0.015725442864386912 22
1603028810433 0.015597804596549586 23
1603028810444 0.0158512799081251 24
1603028810455 0.015912784420469273 25
1603028810466 0.01591737238938428 26
1603028810477 0.01581058997128691 27
1603028810488 0.01576180416758698 28
1603028810500 0.01574999828393275 29
1603028810511 0.01570710610216997 30
1603028810523 0.015797290875930195 31
1603028810534 0.015699237905522828 32
1603028810545 0.015772623573234695 33
1603028810556 0.015741956313984506 34
1603028810568 0.015785990395891222 35
1603028810579 0.0157522672381481 36
1603028810590 0.015764131546020507 37
1603028810601 0.015818115821748014 38
1603028810612 0.01579759576496885 39
1603028810623 0.015787015331088672 40
1603028810634 0.015781738696603858 41
1603028810645 0.01577590044700738 42
1603028810656 0.01574548085530599 43
1603028810667 0.015732927950556405 44
1603028810678 0.015485348534825959 45
1603028810689 0.015858896975387397 46
1603028810700 0.015902948717698984 47
1603028810711 0.015815766788859223 48
1603028810721 0.015837050313534943 49
1603028810732 0.015801737865237205 50
1603028810744 0.015784973000997054 51
1603028810755 0.01571756124830848 52
1603028810765 0.015650977870330627 53
1603028810776 0.015680903527819222 54
1603028810787 0.015795490305910827 55
1603028810798 0.015673220478653695 56
1603028810809 0.01579849716994681 57
1603028810820 0.01569424257045839 58
1603028810831 0.01566600864702235 59
1603028810842 0.015796608717545218 60
1603028810852 0.015946358356420862 61
1603028810863 0.015967814149896693 62
1603028810874 0.015914447099259755 63
1603028810885 0.015597879611951415 64
1603028810896 0.01530316280740474 65
1603028810907 0.01578265341146251 66
1603028810918 0.0157568894767071 67
1603028810929 0.015792873859405518 68
1603028810940 0.015790512923208162 69
1603028810951 0.0159341092734044 70
1603028810962 0.01591352064325439 71
1603028810973 0.015399920187915282 72
1603028810984 0.015297922498381723 73
1603028810995 0.015841994101171337 74
1603028811006 0.015880366818716594 75
1603028811017 0.015817338490054896 76
1603028811027 0.01587151982990148 77
1603028811038 0.015888331353467684 78
1603028811049 0.015791262303388016 79
1603028811060 0.015746332308567992 80
1603028811071 0.015930594138379366 81
1603028811082 0.015882827434302367 82
1603028811093 0.01586195986757996 83
1603028811104 0.015780255062601847 84
1603028811115 0.01576358945335591 85
1603028811126 0.01573750286995368 86
1603028811137 0.015784516578584207 87
1603028811148 0.015748765294915004 88
1603028811159 0.01572452485561371 89
1603028811169 0.01575933859898494 90
1603028811180 0.015789223620074958 91
1603028811191 0.015763493584168724 92
1603028811202 0.01565777113611214 93
1603028811213 0.01565855962258798 94
1603028811224 0.01573310729229089 95
1603028811235 0.015746614093757286 96
1603028811246 0.015693361508218866 97
1603028811257 0.015719175893852404 98
1603028811268 0.015821587789308776 99
