1603028810172 0.9714285714285714 0
1603028810184 0.9428571428571428 1
1603028810195 0.9571428571428572 2
1603028810205 0.95 3
1603028810216 0.9857142857142858 4
1603028810228 0.9642857142857143 5
1603028810238 0.9714285714285714 6
1603028810249 0.95 7
1603028810260 0.9714285714285714 8
1603028810271 0.9642857142857143 9
1603028810282 0.95 10
1603028810293 0.9357142857142857 11
1603028810304 0.9428571428571428 12
1603028810315 0.95 13
1603028810326 0.9285714285714286 14
1603028810337 0.9428571428571428 15
1603028810347 0.9285714285714286 16
1603028810358 0.9357142857142857 17
1603028810370 0.9357142857142857 18
1603028810380 0.9428571428571428 19
1603028810392 0.9714285714285714 20
1603028810402 0.9642857142857143 21
1603028810413 0.9285714285714286 22
1603028810424 0.9714285714285714 23
1603028810435 0.9428571428571428 24
1603028810446 0.9571428571428572 25
1603028810457 0.9571428571428572 26
1603028810468 0.95 27
1603028810479 0.95 28
1603028810491 0.9214285714285714 29
1603028810502 0.9428571428571428 30
1603028810514 0.95 31
1603028810525 0.9642857142857143 32
1603028810536 0.9714285714285714 33
1603028810547 0.95 34
1603028810559 0.9642857142857143 35
1603028810570 0.9714285714285714 36
1603028810581 0.9571428571428572 37
1603028810592 0.9714285714285714 38
1603028810603 0.9714285714285714 39
1603028810614 0.9785714285714285 40
1603028810625 0.9571428571428572 41
1603028810636 0.9571428571428572 42
1603028810647 0.9428571428571428 43
1603028810658 0.9642857142857143 44
1603028810669 1.0 45
1603028810680 0.9428571428571428 46
1603028810691 0.9714285714285714 47
1603028810702 0.95 48
1603028810713 0.9714285714285714 49
1603028810724 0.95 50
1603028810735 0.9571428571428572 51
1603028810746 0.9714285714285714 52
1603028810757 0.9857142857142858 53
1603028810767 0.9785714285714285 54
1603028810778 0.9785714285714285 55
1603028810789 0.9571428571428572 56
1603028810800 0.9642857142857143 57
1603028810811 0.9571428571428572 58
1603028810822 0.9642857142857143 59
1603028810833 0.9714285714285714 60
1603028810844 0.9714285714285714 61
1603028810854 0.9428571428571428 62
1603028810865 0.9714285714285714 63
1603028810876 0.9714285714285714 64
1603028810887 0.9714285714285714 65
1603028810898 0.95 66
1603028810909 0.95 67
1603028810920 0.9571428571428572 68
1603028810931 0.9428571428571428 69
1603028810942 0.9857142857142858 70
1603028810953 0.9714285714285714 71
1603028810964 0.9357142857142857 72
1603028810975 0.9714285714285714 73
1603028810986 0.9714285714285714 74
1603028810997 0.9857142857142858 75
1603028811008 0.9642857142857143 76
1603028811019 0.9071428571428571 77
1603028811030 0.9714285714285714 78
1603028811040 0.9571428571428572 79
1603028811052 0.9428571428571428 80
1603028811062 0.95 81
1603028811073 0.9642857142857143 82
1603028811085 0.9357142857142857 83
1603028811096 0.9785714285714285 84
1603028811106 0.9571428571428572 85
1603028811117 0.9714285714285714 86
1603028811128 0.9928571428571429 87
1603028811139 0.9857142857142858 88
1603028811150 0.9714285714285714 89
1603028811161 0.9357142857142857 90
1603028811172 0.9642857142857143 91
1603028811183 0.9642857142857143 92
1603028811193 0.9714285714285714 93
1603028811204 0.95 94
1603028811215 0.9857142857142858 95
1603028811226 0.9857142857142858 96
1603028811237 0.9428571428571428 97
1603028811248 0.9785714285714285 98
1603028811259 0.9857142857142858 99
