1602956682075 280 0
1602956682086 631 1
1602956682097 773 2
1602956682108 485 3
1602956682119 271 4
1602956682130 643 5
1602956682141 460 6
1602956682152 214 7
1602956682162 391 8
1602956682174 516 9
1602956682186 198 10
1602956682197 194 11
1602956682208 420 12
1602956682219 61 13
1602956682230 145 14
1602956682241 398 15
1602956682252 129 16
1602956682263 128 17
1602956682274 164 18
1602956682284 148 19
1602956682295 383 20
1602956682306 501 21
1602956682317 699 22
1602956682328 937 23
1602956682339 519 24
1602956682350 310 25
1602956682361 52 26
1602956682373 715 27
1602956682384 11 28
1602956682395 153 29
1602956682406 773 30
1602956682417 265 31
1602956682427 648 32
1602956682438 4 33
1602956682449 595 34
1602956682460 307 35
1602956682471 309 36
1602956682481 204 37
1602956682492 441 38
1602956682503 539 39
1602956682513 317 40
1602956682524 353 41
1602956682535 287 42
1602956682546 195 43
1602956682557 331 44
1602956682568 93 45
1602956682579 161 46
1602956682590 204 47
1602956682601 432 48
1602956682612 212 49
1602956682623 9 50
1602956682633 9 51
1602956682644 232 52
1602956682655 11 53
1602956682666 9 54
1602956682677 416 55
1602956682688 239 56
1602956682699 442 57
1602956682710 438 58
1602956682721 533 59
1602956682732 410 60
1602956682744 242 61
1602956682755 452 62
1602956682766 236 63
1602956682777 469 64
1602956682788 651 65
1602956682798 444 66
1602956682809 31 67
1602956682820 502 68
1602956682831 5 69
1602956682842 202 70
1602956682853 613 71
1602956682864 866 72
1602956682875 263 73
1602956682885 563 74
1602956682896 245 75
1602956682907 468 76
1602956682918 187 77
1602956682929 194 78
1602956682940 277 79
1602956682951 746 80
1602956682961 834 81
1602956682972 603 82
1602956682983 447 83
1602956682994 698 84
1602956683004 823 85
1602956683015 168 86
1602956683026 412 87
1602956683037 318 88
1602956683048 296 89
1602956683059 472 90
1602956683070 116 91
1602956683080 294 92
1602956683091 541 93
1602956683102 509 94
1602956683113 713 95
1602956683124 299 96
1602956683135 549 97
1602956683146 601 98
1602956683156 304 99
