1602956682078 0.004360191818799361 0
1602956682088 0.004359551885059529 1
1602956682099 0.004266802197605436 2
1602956682110 0.004505436644594894 3
1602956682121 0.004384777507304443 4
1602956682132 0.004345215306493449 5
1602956682143 0.004521858894218833 6
1602956682154 0.004678490282983997 7
1602956682165 0.004807197392108242 8
1602956682176 0.004504686697739036 9
1602956682188 0.004603903080389752 10
1602956682199 0.004528553191929648 11
1602956682210 0.004512254456828411 12
1602956682221 0.004607199920294738 13
1602956682232 0.004724281084050506 14
1602956682243 0.004626299149891329 15
1602956682254 0.004823818861269483 16
1602956682265 0.0044930007272553675 17
1602956682276 0.004679264393887779 18
1602956682287 0.004514697150714187 19
1602956682298 0.00458538127883642 20
1602956682308 0.003876908604826641 21
1602956682319 0.0036734238864156625 22
1602956682330 0.004203390425092417 23
1602956682341 0.004474651016306543 24
1602956682352 0.004449704560366544 25
1602956682364 0.004394274491530199 26
1602956682375 0.004284680984011478 27
1602956682386 0.0043074040993456965 28
1602956682397 0.0043386217803154095 29
1602956682408 0.0037712078596991226 30
1602956682419 0.00371363142441059 31
1602956682430 0.00406344173606891 32
1602956682440 0.004318371377978241 33
1602956682451 0.004414676592267793 34
1602956682462 0.004284792758048849 35
1602956682473 0.004426533336838779 36
1602956682483 0.0043821329644562635 37
1602956682494 0.004626202994379504 38
1602956682505 0.0044410491174505665 39
1602956682516 0.0044074805864183315 40
1602956682526 0.004536057488645932 41
1602956682537 0.004561052233811133 42
1602956682548 0.004320974420444132 43
1602956682559 0.004419374077216438 44
1602956682570 0.004423260381541301 45
1602956682581 0.004237192271364244 46
1602956682592 0.004416582853989696 47
1602956682603 0.004654170326564623 48
1602956682614 0.004628670234865056 49
1602956682625 0.004506766421240081 50
1602956682636 0.004418843823510247 51
1602956682646 0.004841292788366039 52
1602956682657 0.004521374268965287 53
1602956682668 0.004522178484045941 54
1602956682679 0.004272253958733528 55
1602956682690 0.004353172865956418 56
1602956682701 0.004174164457664596 57
1602956682712 0.003813594382330282 58
1602956682724 0.003545871543697099 59
1602956682735 0.0039058889558771974 60
1602956682746 0.0045744076343444025 61
1602956682757 0.004374320771959093 62
1602956682768 0.004582561784695634 63
1602956682779 0.004589950812218312 64
1602956682790 0.004423399980341419 65
1602956682800 0.004774951321237227 66
1602956682811 0.004542038990901067 67
1602956682822 0.004687554800688331 68
1602956682833 0.004614251958744605 69
1602956682844 0.004573675573513072 70
1602956682855 0.00459612867375112 71
1602956682866 0.0037132451389211576 72
1602956682877 0.0037338612140386715 73
1602956682888 0.0035958077789930948 74
1602956682898 0.0035815893603171663 75
1602956682909 0.0036704522975976915 76
1602956682920 0.0037279757022127442 77
1602956682931 0.0036597235997517905 78
1602956682942 0.003722107724139565 79
1602956682953 0.0043149054904756895 80
1602956682963 0.004301423944804091 81
1602956682974 0.0043890686596141145 82
1602956682985 0.004434107470986069 83
1602956682996 0.004386241125953571 84
1602956683007 0.00433486964251544 85
1602956683017 0.004281061411180198 86
1602956683028 0.004375058089726195 87
1602956683039 0.004366603096041139 88
1602956683050 0.004406030972798665 89
1602956683061 0.004205657478465076 90
1602956683072 0.0043925037332897855 91
1602956683083 0.004327473757059678 92
1602956683094 0.004189478444256898 93
1602956683105 0.004384714429096509 94
1602956683115 0.004305849497089808 95
1602956683126 0.004310281318083943 96
1602956683137 0.004457844384071831 97
1602956683148 0.004327328873187264 98
1602956683159 0.004418044323290346 99
