1602956682068 0.9357142857142857 0
1602956682080 0.9357142857142857 1
1602956682091 0.9428571428571428 2
1602956682101 0.9285714285714286 3
1602956682112 0.9357142857142857 4
1602956682123 0.9214285714285714 5
1602956682134 0.9285714285714286 6
1602956682145 0.9285714285714286 7
1602956682156 0.9285714285714286 8
1602956682167 0.9285714285714286 9
1602956682179 0.9357142857142857 10
1602956682190 0.9357142857142857 11
1602956682201 0.9357142857142857 12
1602956682212 0.9428571428571428 13
1602956682224 0.9428571428571428 14
1602956682235 0.9214285714285714 15
1602956682246 0.9285714285714286 16
1602956682256 0.9357142857142857 17
1602956682267 0.9285714285714286 18
1602956682278 0.9285714285714286 19
1602956682289 0.9214285714285714 20
1602956682300 0.9214285714285714 21
1602956682310 0.9214285714285714 22
1602956682321 0.9285714285714286 23
1602956682333 0.9285714285714286 24
1602956682344 0.9142857142857143 25
1602956682355 0.9214285714285714 26
1602956682366 0.9142857142857143 27
1602956682377 0.9357142857142857 28
1602956682388 0.9214285714285714 29
1602956682399 0.9428571428571428 30
1602956682410 0.95 31
1602956682421 0.9357142857142857 32
1602956682432 0.95 33
1602956682443 0.9428571428571428 34
1602956682453 0.9714285714285714 35
1602956682464 0.9714285714285714 36
1602956682475 0.9714285714285714 37
1602956682485 0.9714285714285714 38
1602956682496 0.9642857142857143 39
1602956682507 0.9357142857142857 40
1602956682518 0.9428571428571428 41
1602956682529 0.9357142857142857 42
1602956682539 0.9357142857142857 43
1602956682550 0.95 44
1602956682562 0.9571428571428572 45
1602956682573 0.9642857142857143 46
1602956682583 0.9571428571428572 47
1602956682594 0.9571428571428572 48
1602956682605 0.9642857142857143 49
1602956682616 0.9357142857142857 50
1602956682627 0.9428571428571428 51
1602956682638 0.9071428571428571 52
1602956682649 0.9285714285714286 53
1602956682660 0.9285714285714286 54
1602956682671 0.9357142857142857 55
1602956682682 0.9357142857142857 56
1602956682692 0.9357142857142857 57
1602956682704 0.9357142857142857 58
1602956682715 0.9357142857142857 59
1602956682726 0.9285714285714286 60
1602956682737 0.9285714285714286 61
1602956682748 0.9428571428571428 62
1602956682759 0.9357142857142857 63
1602956682770 0.9214285714285714 64
1602956682781 0.9428571428571428 65
1602956682792 0.9428571428571428 66
1602956682803 0.9571428571428572 67
1602956682814 0.9428571428571428 68
1602956682824 0.95 69
1602956682835 0.9428571428571428 70
1602956682846 0.9428571428571428 71
1602956682857 0.9357142857142857 72
1602956682868 0.9428571428571428 73
1602956682879 0.9357142857142857 74
1602956682890 0.9285714285714286 75
1602956682901 0.9214285714285714 76
1602956682912 0.9285714285714286 77
1602956682923 0.9285714285714286 78
1602956682933 0.9214285714285714 79
1602956682944 0.9357142857142857 80
1602956682955 0.9428571428571428 81
1602956682966 0.9428571428571428 82
1602956682976 0.9357142857142857 83
1602956682987 0.9428571428571428 84
1602956682998 0.9642857142857143 85
1602956683009 0.9642857142857143 86
1602956683020 0.9714285714285714 87
1602956683030 0.9642857142857143 88
1602956683041 0.9642857142857143 89
1602956683052 0.9285714285714286 90
1602956683063 0.9428571428571428 91
1602956683074 0.9142857142857143 92
1602956683085 0.9071428571428571 93
1602956683096 0.9071428571428571 94
1602956683107 0.95 95
1602956683117 0.95 96
1602956683128 0.95 97
1602956683139 0.95 98
1602956683150 0.95 99
