1602976485475 399 0
1602976485486 232 1
1602976485496 127 2
1602976485507 376 3
1602976485517 850 4
1602976485528 398 5
1602976485538 1037 6
1602976485549 495 7
1602976485559 737 8
1602976485570 544 9
1602976485581 359 10
1602976485591 405 11
1602976485602 532 12
1602976485612 549 13
1602976485623 306 14
1602976485633 194 15
1602976485644 185 16
1602976485655 571 17
1602976485665 511 18
1602976485676 541 19
1602976485686 554 20
1602976485697 327 21
1602976485708 304 22
1602976485718 90 23
1602976485729 195 24
1602976485739 427 25
1602976485750 270 26
1602976485761 867 27
1602976485771 359 28
1602976485782 715 29
1602976485792 425 30
1602976485803 354 31
1602976485813 429 32
1602976485824 578 33
1602976485835 878 34
1602976485845 802 35
1602976485856 582 36
1602976485866 397 37
1602976485877 552 38
1602976485887 889 39
1602976485898 310 40
1602976485908 288 41
1602976485919 369 42
1602976485929 304 43
1602976485940 605 44
1602976485951 278 45
1602976485961 672 46
1602976485972 69 47
1602976485983 492 48
1602976485993 132 49
1602976486004 139 50
1602976486015 413 51
1602976486025 235 52
1602976486035 92 53
1602976486046 155 54
1602976486057 339 55
1602976486067 388 56
1602976486078 479 57
1602976486089 194 58
1602976486099 422 59
1602976486110 530 60
1602976486120 419 61
1602976486131 714 62
1602976486142 906 63
1602976486152 78 64
1602976486163 297 65
1602976486173 227 66
1602976486184 433 67
1602976486194 615 68
1602976486205 202 69
1602976486216 379 70
1602976486226 215 71
1602976486237 458 72
1602976486248 230 73
1602976486258 205 74
1602976486269 577 75
1602976486280 419 76
1602976486290 758 77
1602976486301 456 78
1602976486312 513 79
1602976486322 90 80
1602976486333 169 81
1602976486343 81 82
1602976486354 82 83
1602976486364 117 84
1602976486375 250 85
1602976486385 469 86
1602976486396 442 87
1602976486407 306 88
1602976486417 415 89
1602976486428 536 90
1602976486439 757 91
1602976486449 542 92
1602976486460 323 93
1602976486471 694 94
1602976486481 118 95
1602976486492 209 96
1602976486502 697 97
1602976486513 503 98
1602976486524 704 99
