1602976485477 0.06262516381731072 0
1602976485488 0.06275216907474167 1
1602976485498 0.06261491176209164 2
1602976485509 0.06264329713101031 3
1602976485519 0.06269260381397448 4
1602976485530 0.06279057695604653 5
1602976485540 0.06275745783303235 6
1602976485551 0.06275124708994348 7
1602976485562 0.06273117529607453 8
1602976485572 0.06275434639315196 9
1602976485583 0.06278300358925337 10
1602976485593 0.0626704743460232 11
1602976485604 0.06270869019665296 12
1602976485615 0.06289115853467889 13
1602976485625 0.06270982859885856 14
1602976485636 0.06272608313817701 15
1602976485646 0.06271784383487078 16
1602976485657 0.06279059384287018 17
1602976485667 0.06261393557083592 18
1602976485678 0.06257532119750976 19
1602976485688 0.06264518379996963 20
1602976485699 0.06262171635260949 21
1602976485710 0.06262997741805774 22
1602976485720 0.06254732283223577 23
1602976485731 0.06273057433290183 24
1602976485741 0.06271981245813792 25
1602976485752 0.06287858238985707 26
1602976485763 0.06279173806483644 27
1602976485773 0.06280306321156176 28
1602976485784 0.06272875123164233 29
1602976485794 0.06280360658805209 30
1602976485805 0.06276651264465961 31
1602976485816 0.06271892769012306 32
1602976485826 0.06268388086370288 33
1602976485837 0.0626602167453406 34
1602976485847 0.0627963027305878 35
1602976485858 0.06272326649689093 36
1602976485868 0.06269303155601572 37
1602976485879 0.0628053892989691 38
1602976485889 0.06263477638237439 39
1602976485900 0.06254231271396372 40
1602976485910 0.06279106530089631 41
1602976485921 0.06280268634761776 42
1602976485932 0.06279940892737176 43
1602976485942 0.06275000693488472 44
1602976485953 0.06276286396667034 45
1602976485963 0.06252202832561225 46
1602976485974 0.062322578009437114 47
1602976485985 0.0626398545960479 48
1602976485995 0.06272643885096989 49
1602976486006 0.0628999948501587 50
1602976486017 0.06275437929230332 51
1602976486027 0.06280189876990708 52
1602976486038 0.06275105644111058 53
1602976486048 0.06268272024350405 54
1602976486059 0.06268698731983091 55
1602976486070 0.06279322395391514 56
1602976486080 0.06280955797646037 57
1602976486091 0.06273129711980405 58
1602976486101 0.0626991996225321 59
1602976486112 0.06280070693552994 60
1602976486123 0.06279980677347649 61
1602976486133 0.06281106214616915 62
1602976486144 0.06262679202182848 63
1602976486154 0.06287476606314935 64
1602976486165 0.06267964725677198 65
1602976486175 0.06256686219995186 66
1602976486186 0.06276184266334069 67
1602976486196 0.06274597141950353 68
1602976486207 0.06269635205186849 69
1602976486218 0.06268818259695938 70
1602976486228 0.06261575286732693 71
1602976486239 0.0627878090691945 72
1602976486250 0.0627406023629434 73
1602976486260 0.06276109770351661 74
1602976486271 0.06261775547035357 75
1602976486282 0.06284044898275087 76
1602976486292 0.06267154459619649 77
1602976486303 0.06287920811237432 78
1602976486314 0.06281263402263199 79
1602976486324 0.06272921425338238 80
1602976486335 0.06276054490250324 81
1602976486345 0.06281454121040193 82
1602976486356 0.06272075090476935 83
1602976486366 0.06271938596452986 84
1602976486377 0.06268878333357618 85
1602976486388 0.06261933283747999 86
1602976486398 0.06268184331789803 87
1602976486409 0.06277592630412339 88
1602976486419 0.06270536098604888 89
1602976486430 0.06275914652680974 90
1602976486441 0.06265197396921365 91
1602976486452 0.0626649967804667 92
1602976486462 0.06272367351173024 93
1602976486473 0.06252706089121772 94
1602976486483 0.06275485444068908 95
1602976486494 0.06266450096825475 96
1602976486505 0.0627385240556656 97
1602976486515 0.06283437279531531 98
1602976486526 0.06272135681460518 99
