1602976485468 1.0 0
1602976485479 1.0 1
1602976485490 0.97 2
1602976485500 1.0 3
1602976485511 1.0 4
1602976485521 0.99 5
1602976485532 1.0 6
1602976485542 0.99 7
1602976485553 0.99 8
1602976485564 0.99 9
1602976485574 1.0 10
1602976485585 1.0 11
1602976485596 1.0 12
1602976485606 1.0 13
1602976485617 1.0 14
1602976485627 1.0 15
1602976485638 1.0 16
1602976485648 1.0 17
1602976485659 1.0 18
1602976485669 1.0 19
1602976485680 0.99 20
1602976485691 0.98 21
1602976485701 0.95 22
1602976485712 0.92 23
1602976485722 0.98 24
1602976485733 1.0 25
1602976485743 1.0 26
1602976485754 1.0 27
1602976485765 1.0 28
1602976485776 1.0 29
1602976485786 1.0 30
1602976485797 0.99 31
1602976485807 0.99 32
1602976485818 1.0 33
1602976485828 0.99 34
1602976485839 1.0 35
1602976485849 1.0 36
1602976485860 1.0 37
1602976485870 1.0 38
1602976485881 1.0 39
1602976485891 1.0 40
1602976485902 0.99 41
1602976485913 0.99 42
1602976485923 1.0 43
1602976485934 1.0 44
1602976485944 1.0 45
1602976485955 1.0 46
1602976485966 0.98 47
1602976485976 1.0 48
1602976485987 0.99 49
1602976485998 0.99 50
1602976486008 1.0 51
1602976486019 1.0 52
1602976486029 1.0 53
1602976486040 1.0 54
1602976486050 0.99 55
1602976486061 0.99 56
1602976486072 0.98 57
1602976486082 0.96 58
1602976486093 0.99 59
1602976486103 1.0 60
1602976486114 0.99 61
1602976486125 1.0 62
1602976486135 1.0 63
1602976486146 0.97 64
1602976486156 0.97 65
1602976486167 0.98 66
1602976486177 0.98 67
1602976486188 1.0 68
1602976486199 0.97 69
1602976486209 0.99 70
1602976486220 0.99 71
1602976486230 1.0 72
1602976486241 0.98 73
1602976486252 0.99 74
1602976486262 1.0 75
1602976486273 1.0 76
1602976486284 1.0 77
1602976486295 0.99 78
1602976486305 1.0 79
1602976486316 0.98 80
1602976486326 0.99 81
1602976486337 0.98 82
1602976486347 0.98 83
1602976486358 0.98 84
1602976486369 0.99 85
1602976486379 0.99 86
1602976486390 0.99 87
1602976486400 0.99 88
1602976486411 1.0 89
1602976486422 1.0 90
1602976486432 1.0 91
1602976486443 1.0 92
1602976486454 1.0 93
1602976486464 1.0 94
1602976486475 0.99 95
1602976486485 0.99 96
1602976486496 0.99 97
1602976486507 0.99 98
1602976486517 1.0 99
