1603021434636 212 0
1603021434647 197 1
1603021434658 229 2
1603021434669 336 3
1603021434680 242 4
1603021434695 100 5
1603021434708 349 6
1603021434718 135 7
1603021434729 114 8
1603021434740 178 9
1603021434751 239 10
1603021434762 181 11
1603021434773 343 12
1603021434783 127 13
1603021434794 157 14
1603021434805 285 15
1603021434816 603 16
1603021434826 268 17
1603021434837 242 18
1603021434848 144 19
1603021434859 182 20
1603021434869 261 21
1603021434880 114 22
1603021434891 100 23
1603021434902 192 24
1603021434913 102 25
1603021434924 444 26
1603021434934 402 27
1603021434945 136 28
1603021434956 209 29
1603021434967 135 30
1603021434978 37 31
1603021434988 135 32
1603021434999 174 33
1603021435010 156 34
1603021435021 198 35
1603021435032 304 36
1603021435043 172 37
1603021435053 212 38
1603021435064 275 39
1603021435075 216 40
1603021435086 123 41
1603021435097 186 42
1603021435107 218 43
1603021435118 337 44
1603021435129 257 45
1603021435139 410 46
1603021435150 480 47
1603021435161 125 48
1603021435172 255 49
1603021435183 209 50
1603021435194 259 51
1603021435205 555 52
1603021435216 176 53
1603021435226 183 54
1603021435237 258 55
1603021435248 424 56
1603021435258 151 57
1603021435269 200 58
1603021435280 228 59
1603021435291 355 60
1603021435302 197 61
1603021435313 185 62
1603021435323 308 63
1603021435334 290 64
1603021435345 134 65
1603021435356 182 66
1603021435367 119 67
1603021435377 219 68
1603021435389 125 69
1603021435399 144 70
1603021435410 153 71
1603021435421 162 72
1603021435432 179 73
1603021435442 211 74
1603021435453 129 75
1603021435464 162 76
1603021435475 177 77
1603021435486 104 78
1603021435497 127 79
1603021435508 302 80
1603021435519 451 81
1603021435529 265 82
1603021435540 323 83
1603021435551 410 84
1603021435562 163 85
1603021435573 198 86
1603021435585 178 87
1603021435596 210 88
1603021435607 162 89
1603021435618 212 90
1603021435629 161 91
1603021435640 130 92
1603021435650 122 93
1603021435661 146 94
1603021435672 217 95
1603021435683 245 96
1603021435694 105 97
1603021435705 376 98
1603021435716 104 99
