1603021434639 0.008320605965334186 0
1603021434649 0.00827716703468797 1
1603021434660 0.008333801512215768 2
1603021434671 0.008366057383162635 3
1603021434682 0.008340545926228106 4
1603021434698 0.008351798346965988 5
1603021434710 0.008269310709255845 6
1603021434721 0.008301074655962661 7
1603021434731 0.008290385353494679 8
1603021434742 0.008333032329877218 9
1603021434753 0.008336294518724722 10
1603021434764 0.008305353472432293 11
1603021434775 0.008342108931014015 12
1603021434785 0.008383930329105983 13
1603021434796 0.008389868072627746 14
1603021434807 0.008382157998138599 15
1603021434818 0.008361816731070953 16
1603021434829 0.008270527241546984 17
1603021434839 0.00838761765339653 18
1603021434850 0.008401415020069749 19
1603021434861 0.008359239366319444 20
1603021434872 0.00836238161722819 21
1603021434882 0.00839941127937098 22
1603021434893 0.008429132219412279 23
1603021434904 0.008385570318714133 24
1603021434915 0.008391873533373437 25
1603021434926 0.00838676533278297 26
1603021434936 0.00839415631921168 27
1603021434947 0.008427793026802636 28
1603021434958 0.008397489486325915 29
1603021434969 0.008342005499643297 30
1603021434980 0.008272320181880165 31
1603021434991 0.008261343118556648 32
1603021435001 0.008305639483050842 33
1603021435012 0.008414544421121828 34
1603021435023 0.008278321010113771 35
1603021435034 0.008395788428016696 36
1603021435045 0.008283545930894445 37
1603021435056 0.008273932295785824 38
1603021435066 0.008304834898029054 39
1603021435077 0.008266834199855322 40
1603021435088 0.00829762312082144 41
1603021435099 0.008300633480151495 42
1603021435110 0.008276391491898363 43
1603021435120 0.008413170240563714 44
1603021435131 0.008356201284714327 45
1603021435141 0.008357358018359537 46
1603021435152 0.008250823103148362 47
1603021435163 0.008320729851265977 48
1603021435174 0.008307495487735803 49
1603021435185 0.007746524176015718 50
1603021435196 0.007664727610211039 51
1603021435207 0.007660911696485181 52
1603021435218 0.007975308702242353 53
1603021435229 0.00830612155828583 54
1603021435239 0.008301074986114857 55
1603021435250 0.008292228665970664 56
1603021435260 0.008322945281640808 57
1603021435271 0.008345552151569267 58
1603021435282 0.008254655769893102 59
1603021435293 0.008268021983842093 60
1603021435304 0.00828610433006606 61
1603021435315 0.008256252129004084 62
1603021435325 0.008274678892932588 63
1603021435336 0.008310492146652913 64
1603021435347 0.00829679424585734 65
1603021435358 0.008339549583818 66
1603021435369 0.008464161818626368 67
1603021435380 0.008434012695983217 68
1603021435391 0.008314409452615325 69
1603021435401 0.008318783013851612 70
1603021435412 0.008296032002902923 71
1603021435423 0.008341553146273245 72
1603021435434 0.00828608125448227 73
1603021435445 0.008276155520440885 74
1603021435455 0.008349855740865072 75
1603021435466 0.008309768687049262 76
1603021435477 0.008363114856875962 77
1603021435488 0.00833491583665212 78
1603021435499 0.008326472541098653 79
1603021435510 0.008374548096788293 80
1603021435521 0.00839210855520882 81
1603021435532 0.008327491261134638 82
1603021435543 0.00825460097960782 83
1603021435554 0.008235611151319763 84
1603021435565 0.008312419721275378 85
1603021435576 0.008284106399073746 86
1603021435587 0.008245754508332833 87
1603021435598 0.008255673471347307 88
1603021435609 0.008261341742031325 89
1603021435620 0.008294614393319657 90
1603021435631 0.008306588871138436 91
1603021435642 0.008330523649001505 92
1603021435653 0.008349643837722524 93
1603021435663 0.008335035696796987 94
1603021435674 0.008330189864225596 95
1603021435685 0.008338334373614755 96
1603021435696 0.00831765850470854 97
1603021435707 0.00835532212407334 98
1603021435718 0.008327491863353832 99
