1603021434630 0.8916666666666667 0
1603021434641 0.8 1
1603021434652 0.8583333333333333 2
1603021434662 0.9 3
1603021434673 0.8833333333333333 4
1603021434685 0.7833333333333333 5
1603021434701 0.9083333333333333 6
1603021434712 0.8083333333333333 7
1603021434723 0.775 8
1603021434734 0.825 9
1603021434744 0.8833333333333333 10
1603021434755 0.85 11
1603021434766 0.9083333333333333 12
1603021434777 0.7916666666666666 13
1603021434788 0.8333333333333334 14
1603021434798 0.8583333333333333 15
1603021434809 0.9083333333333333 16
1603021434820 0.8583333333333333 17
1603021434831 0.8416666666666667 18
1603021434841 0.8166666666666667 19
1603021434852 0.85 20
1603021434863 0.875 21
1603021434874 0.8083333333333333 22
1603021434885 0.7833333333333333 23
1603021434895 0.8583333333333333 24
1603021434906 0.7666666666666667 25
1603021434917 0.8833333333333333 26
1603021434928 0.9 27
1603021434939 0.75 28
1603021434949 0.825 29
1603021434960 0.825 30
1603021434971 0.6 31
1603021434982 0.825 32
1603021434993 0.85 33
1603021435004 0.8166666666666667 34
1603021435014 0.8416666666666667 35
1603021435025 0.8333333333333334 36
1603021435036 0.8583333333333333 37
1603021435047 0.8416666666666667 38
1603021435058 0.8583333333333333 39
1603021435069 0.85 40
1603021435079 0.7666666666666667 41
1603021435090 0.7916666666666666 42
1603021435101 0.8083333333333333 43
1603021435112 0.875 44
1603021435122 0.8916666666666667 45
1603021435133 0.9416666666666667 46
1603021435144 0.9666666666666667 47
1603021435154 0.8083333333333333 48
1603021435165 0.85 49
1603021435176 0.8166666666666667 50
1603021435187 0.825 51
1603021435198 0.9166666666666666 52
1603021435209 0.8166666666666667 53
1603021435220 0.8416666666666667 54
1603021435231 0.925 55
1603021435241 0.9416666666666667 56
1603021435252 0.8416666666666667 57
1603021435263 0.8916666666666667 58
1603021435273 0.925 59
1603021435284 0.85 60
1603021435296 0.85 61
1603021435306 0.825 62
1603021435317 0.8416666666666667 63
1603021435328 0.875 64
1603021435338 0.8583333333333333 65
1603021435349 0.8666666666666667 66
1603021435360 0.8583333333333333 67
1603021435371 0.875 68
1603021435382 0.8583333333333333 69
1603021435393 0.8583333333333333 70
1603021435404 0.9 71
1603021435414 0.8833333333333333 72
1603021435425 0.8583333333333333 73
1603021435436 0.875 74
1603021435447 0.8416666666666667 75
1603021435457 0.8416666666666667 76
1603021435468 0.85 77
1603021435479 0.8083333333333333 78
1603021435490 0.8416666666666667 79
1603021435501 0.9416666666666667 80
1603021435512 0.925 81
1603021435523 0.8833333333333333 82
1603021435534 0.9166666666666666 83
1603021435545 0.925 84
1603021435556 0.8083333333333333 85
1603021435567 0.85 86
1603021435578 0.8 87
1603021435589 0.8416666666666667 88
1603021435600 0.7916666666666666 89
1603021435611 0.8333333333333334 90
1603021435622 0.8166666666666667 91
1603021435633 0.7916666666666666 92
1603021435644 0.7916666666666666 93
1603021435655 0.7833333333333333 94
1603021435665 0.825 95
1603021435676 0.8666666666666667 96
1603021435687 0.7916666666666666 97
1603021435698 0.8916666666666667 98
1603021435709 0.7333333333333333 99
