1602862119856 6 0
1602862119867 16 1
1602862119877 46 2
1602862119888 5 3
1602862119899 14 4
1602862119910 16 5
1602862119921 8 6
1602862119932 2 7
1602862119942 94 8
1602862119953 239 9
1602862119964 3 10
1602862119974 35 11
1602862119985 3 12
1602862119995 3 13
1602862120005 4 14
1602862120016 29 15
1602862120026 54 16
1602862120037 7 17
1602862120048 10 18
1602862120058 10 19
1602862120069 9 20
1602862120079 6 21
1602862120090 1 22
1602862120101 2 23
1602862120112 44 24
1602862120122 3 25
1602862120133 2 26
1602862120143 3 27
1602862120154 33 28
1602862120164 2 29
1602862120175 4 30
1602862120186 7 31
1602862120197 2 32
1602862120208 3 33
1602862120218 4 34
1602862120229 24 35
1602862120239 22 36
1602862120250 6 37
1602862120261 11 38
1602862120272 23 39
1602862120282 3 40
1602862120293 6 41
1602862120303 3 42
1602862120314 4 43
1602862120324 5 44
1602862120335 8 45
1602862120346 9 46
1602862120356 6 47
1602862120367 71 48
1602862120377 16 49
1602862120387 53 50
1602862120398 26 51
1602862120408 14 52
1602862120419 24 53
1602862120430 3 54
1602862120440 51 55
1602862120451 15 56
1602862120461 8 57
1602862120472 5 58
1602862120482 8 59
1602862120493 29 60
1602862120503 19 61
1602862120514 38 62
1602862120524 136 63
1602862120535 44 64
1602862120545 3 65
1602862120556 5 66
1602862120566 5 67
1602862120577 5 68
1602862120588 5 69
1602862120599 3 70
1602862120610 3 71
1602862120620 4 72
1602862120631 5 73
1602862120642 4 74
1602862120652 11 75
1602862120663 10 76
1602862120673 5 77
1602862120684 6 78
1602862120694 4 79
1602862120705 4 80
1602862120716 16 81
1602862120727 5 82
1602862120737 6 83
1602862120748 7 84
1602862120759 4 85
1602862120769 6 86
1602862120780 8 87
1602862120791 3 88
1602862120802 8 89
1602862120812 27 90
1602862120823 9 91
1602862120833 7 92
1602862120844 6 93
1602862120854 3 94
1602862120865 4 95
1602862120875 12 96
1602862120886 8 97
1602862120896 5 98
1602862120907 12 99
