1602862119858 0.09908726692199707 0
1602862119869 0.0950347003729447 1
1602862119880 0.10194926431193155 2
1602862119890 0.06811404645026146 3
1602862119901 0.10103028141267119 4
1602862119912 0.031224645898837042 5
1602862119923 0.07646130538377606 6
1602862119934 0.0717666462848061 7
1602862119945 0.058533992901654314 8
1602862119955 0.052563135964529856 9
1602862119966 0.08529499904164728 10
1602862119976 0.07664933849553593 11
1602862119987 0.1095245438237344 12
1602862119997 0.09965859884503243 13
1602862120007 0.08752379882626417 14
1602862120018 0.10572560481083246 15
1602862120029 0.1096250380239179 16
1602862120039 0.08657280642252702 17
1602862120050 0.08322078343395774 18
1602862120060 0.10162094901589787 19
1602862120071 0.0996877050947869 20
1602862120082 0.08830800079947035 21
1602862120092 0.05473088552504021 22
1602862120103 0.08233259175274824 23
1602862120114 0.08995022075344818 24
1602862120124 0.10115602839062786 25
1602862120135 0.06759380304277149 26
1602862120145 0.07821983325330517 27
1602862120156 0.09129508131558133 28
1602862120166 0.08839098533781448 29
1602862120177 0.07081438706266836 30
1602862120188 0.07333866847577945 31
1602862120199 0.09491614135535988 32
1602862120210 0.08913708806037902 33
1602862120220 0.09132342977622121 34
1602862120231 0.08424468262251034 35
1602862120242 0.09244440363339729 36
1602862120252 0.08610647489009292 37
1602862120263 0.048317836570341555 38
1602862120274 0.07968814032418388 39
1602862120284 0.0558207727851668 40
1602862120295 0.10149623365963206 41
1602862120305 0.09199606751402219 42
1602862120316 0.08948082780119163 43
1602862120327 0.10547690774187629 44
1602862120337 0.09954465257710424 45
1602862120348 0.05669407498451971 46
1602862120358 0.08926567719809374 47
1602862120369 0.0649491501789467 48
1602862120379 0.07864570920750247 49
1602862120389 0.09932292257036482 50
1602862120400 0.07912823990878896 51
1602862120410 0.07136711223417941 52
1602862120421 0.07883551881668416 53
1602862120432 0.07665759911302661 54
1602862120442 0.06727474927902222 55
1602862120453 0.06689203515344737 56
1602862120463 0.07898209950862786 57
1602862120474 0.09060607637677874 58
1602862120484 0.07766567014750078 59
1602862120495 0.08376089548735026 60
1602862120505 0.07857654862484689 61
1602862120516 0.0732126539738482 62
1602862120526 0.0631227268362945 63
1602862120537 0.10567165598457243 64
1602862120547 0.08861231213749045 65
1602862120558 0.07602112206370241 66
1602862120569 0.06107469743757105 67
1602862120579 0.06613585622015605 68
1602862120590 0.06327340737828668 69
1602862120601 0.08580737795148577 70
1602862120612 0.08281264738603071 71
1602862120623 0.057054114730461784 72
1602862120633 0.0839056549248872 73
1602862120644 0.08574905736105783 74
1602862120654 0.0739781800438376 75
1602862120665 0.07218655550254965 76
1602862120675 0.09544595428135084 77
1602862120686 0.09886973825368015 78
1602862120697 0.09183184594070355 79
1602862120707 0.09363147552977218 80
1602862120718 0.0681183738308353 81
1602862120729 0.09403563310755765 82
1602862120740 0.0571427351737087 83
1602862120750 0.08880211939266072 84
1602862120761 0.08792589458764768 85
1602862120772 0.07543893894517278 86
1602862120782 0.08876366401786234 87
1602862120793 0.09598165161007054 88
1602862120804 0.09392532562827044 89
1602862120814 0.09568195916264435 90
1602862120825 0.060232112282200864 91
1602862120835 0.09149449510672658 92
1602862120846 0.05977583965125111 93
1602862120857 0.07968980896061864 94
1602862120867 0.08551922412145706 95
1602862120878 0.07664728457810449 96
1602862120888 0.05459205749953724 97
1602862120899 0.07263966735082729 98
1602862120909 0.07691000224140937 99
