1602862119849 0.99 0
1602862119860 0.97 1
1602862119871 0.96 2
1602862119882 0.98 3
1602862119892 0.97 4
1602862119903 0.96 5
1602862119914 0.97 6
1602862119925 0.98 7
1602862119936 0.97 8
1602862119947 0.96 9
1602862119957 0.96 10
1602862119968 0.96 11
1602862119978 1.0 12
1602862119989 0.99 13
1602862119999 0.98 14
1602862120010 0.99 15
1602862120020 0.97 16
1602862120031 0.99 17
1602862120041 0.99 18
1602862120052 0.99 19
1602862120062 0.92 20
1602862120073 0.95 21
1602862120084 0.95 22
1602862120095 0.95 23
1602862120105 0.93 24
1602862120116 1.0 25
1602862120127 1.0 26
1602862120137 1.0 27
1602862120147 0.98 28
1602862120158 1.0 29
1602862120168 0.99 30
1602862120180 0.99 31
1602862120191 0.99 32
1602862120201 0.98 33
1602862120212 0.98 34
1602862120222 0.98 35
1602862120233 0.98 36
1602862120244 0.98 37
1602862120254 0.98 38
1602862120265 0.97 39
1602862120276 0.98 40
1602862120286 0.98 41
1602862120297 0.98 42
1602862120308 0.96 43
1602862120318 0.99 44
1602862120329 0.99 45
1602862120339 0.99 46
1602862120350 0.99 47
1602862120360 0.98 48
1602862120371 0.99 49
1602862120381 0.96 50
1602862120392 0.97 51
1602862120402 0.99 52
1602862120413 0.97 53
1602862120423 0.99 54
1602862120434 0.96 55
1602862120444 0.96 56
1602862120455 0.96 57
1602862120465 0.96 58
1602862120476 0.95 59
1602862120486 0.97 60
1602862120497 0.97 61
1602862120507 0.97 62
1602862120518 0.96 63
1602862120528 0.97 64
1602862120539 0.96 65
1602862120550 0.97 66
1602862120560 0.96 67
1602862120571 0.97 68
1602862120581 0.98 69
1602862120592 0.99 70
1602862120603 0.97 71
1602862120614 0.97 72
1602862120625 0.97 73
1602862120635 0.98 74
1602862120646 0.96 75
1602862120656 0.97 76
1602862120667 0.97 77
1602862120677 0.96 78
1602862120688 0.97 79
1602862120699 0.99 80
1602862120710 0.99 81
1602862120720 0.99 82
1602862120731 0.99 83
1602862120742 0.99 84
1602862120752 0.94 85
1602862120763 0.96 86
1602862120774 0.94 87
1602862120784 0.94 88
1602862120795 0.95 89
1602862120806 0.99 90
1602862120816 0.99 91
1602862120827 1.0 92
1602862120837 1.0 93
1602862120848 0.98 94
1602862120859 0.99 95
1602862120869 0.99 96
1602862120880 0.99 97
1602862120890 0.99 98
1602862120901 0.99 99
