1602940675045 624 0
1602940675056 254 1
1602940675067 259 2
1602940675077 264 3
1602940675088 191 4
1602940675098 754 5
1602940675109 404 6
1602940675120 426 7
1602940675131 289 8
1602940675142 812 9
1602940675153 1199 10
1602940675165 530 11
1602940675177 786 12
1602940675188 579 13
1602940675199 377 14
1602940675210 368 15
1602940675221 319 16
1602940675232 499 17
1602940675242 517 18
1602940675253 738 19
1602940675266 298 20
1602940675277 171 21
1602940675289 386 22
1602940675300 47 23
1602940675311 159 24
1602940675322 256 25
1602940675332 923 26
1602940675343 372 27
1602940675354 433 28
1602940675364 835 29
1602940675375 112 30
1602940675386 979 31
1602940675397 181 32
1602940675407 202 33
1602940675418 332 34
1602940675429 288 35
1602940675440 395 36
1602940675450 249 37
1602940675461 261 38
1602940675472 231 39
1602940675482 384 40
1602940675493 385 41
1602940675504 654 42
1602940675514 408 43
1602940675525 630 44
1602940675535 505 45
1602940675546 122 46
1602940675557 310 47
1602940675567 664 48
1602940675578 696 49
1602940675589 440 50
1602940675600 279 51
1602940675610 474 52
1602940675621 1402 53
1602940675631 323 54
1602940675642 428 55
1602940675653 565 56
1602940675663 611 57
1602940675674 443 58
1602940675685 874 59
1602940675695 152 60
1602940675706 543 61
1602940675716 745 62
1602940675727 561 63
1602940675737 720 64
1602940675748 795 65
1602940675758 974 66
1602940675769 153 67
1602940675779 587 68
1602940675790 290 69
1602940675801 908 70
1602940675812 1327 71
1602940675822 444 72
1602940675833 161 73
1602940675843 92 74
1602940675854 285 75
1602940675865 741 76
1602940675876 624 77
1602940675887 338 78
1602940675898 351 79
1602940675909 361 80
1602940675920 21 81
1602940675930 119 82
1602940675941 115 83
1602940675952 310 84
1602940675963 262 85
1602940675973 632 86
1602940675984 699 87
1602940675994 158 88
1602940676005 386 89
1602940676016 344 90
1602940676026 326 91
1602940676037 212 92
1602940676048 470 93
1602940676058 749 94
1602940676069 324 95
1602940676080 362 96
1602940676091 92 97
1602940676101 849 98
1602940676112 847 99
