1602940675047 0.03656692933179661 0
1602940675058 0.03408159109635082 1
1602940675069 0.032001014953142747 2
1602940675079 0.038553268155045756 3
1602940675090 0.030387158296546157 4
1602940675101 0.034951150675356646 5
1602940675111 0.038399735450744626 6
1602940675122 0.0354874636977911 7
1602940675133 0.03320327756967335 8
1602940675144 0.03513400604273116 9
1602940675156 0.03049140328898441 10
1602940675167 0.04030457432224537 11
1602940675179 0.03563062502270756 12
1602940675190 0.034161282363409415 13
1602940675201 0.04585249468132302 14
1602940675212 0.036252311297825406 15
1602940675223 0.035325642554990704 16
1602940675234 0.03232791758230909 17
1602940675245 0.03638820376684657 18
1602940675255 0.03526633991047773 19
1602940675268 0.04031193727630124 20
1602940675279 0.03574222217906605 21
1602940675291 0.032166663140452384 22
1602940675302 0.03498218748076209 23
1602940675313 0.03293731482481711 24
1602940675324 0.03771044739655086 25
1602940675335 0.03346761836800524 26
1602940675345 0.03183501490960756 27
1602940675356 0.033296691454373875 28
1602940675366 0.034741162492873824 29
1602940675377 0.029392110643313533 30
1602940675388 0.03076241464934993 31
1602940675399 0.030156627891687028 32
1602940675410 0.03385522215815627 33
1602940675420 0.03515355209183823 34
1602940675431 0.034471281169595455 35
1602940675442 0.036902999935939075 36
1602940675453 0.028912280825139646 37
1602940675463 0.03572218692696896 38
1602940675474 0.033373873801236055 39
1602940675484 0.03207081394379438 40
1602940675495 0.03655118810442778 41
1602940675506 0.03539393482081377 42
1602940675516 0.03515814873109381 43
1602940675527 0.033600180604219675 44
1602940675537 0.03264135476764145 45
1602940675548 0.032221654416821524 46
1602940675559 0.036143443013260564 47
1602940675569 0.03316769399524532 48
1602940675580 0.0313638279810975 49
1602940675591 0.03406664632200226 50
1602940675602 0.033540126991829136 51
1602940675612 0.04398660485943159 52
1602940675623 0.02917301892916785 53
1602940675633 0.04414617662844451 54
1602940675644 0.04131969024293779 55
1602940675655 0.04078562481625302 56
1602940675665 0.030401188226846548 57
1602940675676 0.040691998250082954 58
1602940675687 0.03405596350655338 59
1602940675697 0.03956372017240794 60
1602940675708 0.03024674778553977 61
1602940675719 0.03561035191730555 62
1602940675729 0.030662480143853175 63
1602940675740 0.035385885904001636 64
1602940675750 0.03138648758968109 65
1602940675761 0.03283130079230339 66
1602940675771 0.03504207525990084 67
1602940675782 0.03545025531077545 68
1602940675792 0.03346854535544791 69
1602940675803 0.03217389869689941 70
1602940675814 0.02903325212649762 71
1602940675824 0.03318182218642462 72
1602940675835 0.03571873183674041 73
1602940675845 0.03224671565765164 74
1602940675856 0.03855862930277425 75
1602940675867 0.033537418491768396 76
1602940675878 0.037758403286641956 77
1602940675889 0.03450983104645642 78
1602940675900 0.03363614345678446 79
1602940675911 0.03249597613992244 80
1602940675922 0.0420188454887535 81
1602940675933 0.03514068325360616 82
1602940675943 0.03754965253550597 83
1602940675954 0.03273047473695543 84
1602940675965 0.034160738969460515 85
1602940675975 0.03880476496229393 86
1602940675986 0.03426949337857668 87
1602940675997 0.03292410355928446 88
1602940676007 0.04268535301817357 89
1602940676018 0.0330799167293812 90
1602940676028 0.032216539290832576 91
1602940676039 0.03532097592259085 92
1602940676050 0.032736660359979984 93
1602940676061 0.03470442681904183 94
1602940676071 0.03183971679261825 95
1602940676082 0.03098257294547539 96
1602940676093 0.03745982095823815 97
1602940676103 0.034562019799885 98
1602940676114 0.034612521702284044 99
