1602940675038 1.0 0
1602940675049 1.0 1
1602940675060 1.0 2
1602940675071 1.0 3
1602940675081 0.99 4
1602940675092 1.0 5
1602940675103 1.0 6
1602940675113 1.0 7
1602940675124 0.99 8
1602940675135 1.0 9
1602940675146 1.0 10
1602940675158 1.0 11
1602940675170 1.0 12
1602940675181 1.0 13
1602940675193 1.0 14
1602940675204 1.0 15
1602940675215 1.0 16
1602940675225 1.0 17
1602940675236 1.0 18
1602940675247 1.0 19
1602940675258 1.0 20
1602940675270 0.99 21
1602940675281 1.0 22
1602940675293 0.94 23
1602940675304 0.98 24
1602940675315 1.0 25
1602940675326 1.0 26
1602940675337 1.0 27
1602940675347 1.0 28
1602940675358 1.0 29
1602940675369 0.99 30
1602940675379 1.0 31
1602940675390 1.0 32
1602940675401 1.0 33
1602940675412 1.0 34
1602940675423 1.0 35
1602940675433 1.0 36
1602940675444 1.0 37
1602940675455 1.0 38
1602940675465 1.0 39
1602940675476 1.0 40
1602940675487 1.0 41
1602940675497 1.0 42
1602940675508 1.0 43
1602940675518 1.0 44
1602940675529 1.0 45
1602940675540 1.0 46
1602940675550 1.0 47
1602940675561 1.0 48
1602940675572 1.0 49
1602940675582 1.0 50
1602940675593 1.0 51
1602940675604 1.0 52
1602940675614 1.0 53
1602940675625 1.0 54
1602940675636 1.0 55
1602940675646 1.0 56
1602940675657 1.0 57
1602940675668 1.0 58
1602940675678 1.0 59
1602940675689 1.0 60
1602940675700 1.0 61
1602940675710 1.0 62
1602940675721 1.0 63
1602940675731 1.0 64
1602940675742 0.99 65
1602940675752 1.0 66
1602940675763 0.99 67
1602940675773 0.99 68
1602940675784 0.99 69
1602940675795 1.0 70
1602940675805 1.0 71
1602940675816 1.0 72
1602940675826 0.99 73
1602940675837 0.98 74
1602940675847 1.0 75
1602940675858 1.0 76
1602940675869 1.0 77
1602940675880 1.0 78
1602940675891 1.0 79
1602940675902 0.99 80
1602940675913 0.95 81
1602940675924 0.99 82
1602940675935 0.99 83
1602940675945 1.0 84
1602940675956 1.0 85
1602940675967 1.0 86
1602940675977 1.0 87
1602940675988 1.0 88
1602940675999 1.0 89
1602940676009 1.0 90
1602940676020 1.0 91
1602940676030 1.0 92
1602940676041 1.0 93
1602940676052 1.0 94
1602940676063 0.99 95
1602940676073 0.99 96
1602940676084 0.99 97
1602940676095 1.0 98
1602940676105 1.0 99
