1602881194527 11 0
1602881194539 11 1
1602881194550 11 2
1602881194561 12 3
1602881194572 10 4
1602881194583 10 5
1602881194594 12 6
1602881194605 10 7
1602881194616 17 8
1602881194627 12 9
1602881194638 3 10
1602881194650 27 11
1602881194661 10 12
1602881194672 12 13
1602881194683 24 14
1602881194695 11 15
1602881194706 16 16
1602881194717 11 17
1602881194728 26 18
1602881194740 12 19
1602881194751 12 20
1602881194762 12 21
1602881194774 10 22
1602881194785 17 23
1602881194796 12 24
1602881194808 12 25
1602881194819 12 26
1602881194830 7 27
1602881194841 38 28
1602881194852 7 29
1602881194863 5 30
1602881194875 11 31
1602881194886 11 32
1602881194897 11 33
1602881194908 7 34
1602881194920 12 35
1602881194931 55 36
1602881194942 32 37
1602881194953 43 38
1602881194964 12 39
1602881194976 23 40
1602881194989 7 41
1602881195006 16 42
1602881195017 11 43
1602881195028 9 44
1602881195040 12 45
1602881195051 7 46
1602881195062 5 47
1602881195073 6 48
1602881195084 12 49
1602881195095 12 50
1602881195106 13 51
1602881195117 12 52
1602881195128 6 53
1602881195140 12 54
1602881195151 11 55
1602881195162 11 56
1602881195173 12 57
1602881195184 10 58
1602881195195 12 59
1602881195207 6 60
1602881195218 44 61
1602881195229 12 62
1602881195241 12 63
1602881195252 71 64
1602881195264 12 65
1602881195275 17 66
1602881195286 12 67
1602881195297 12 68
1602881195309 12 69
1602881195320 11 70
1602881195333 11 71
1602881195344 68 72
1602881195355 11 73
1602881195366 11 74
1602881195378 4 75
1602881195389 11 76
1602881195400 12 77
1602881195412 6 78
1602881195423 12 79
1602881195435 6 80
1602881195447 11 81
1602881195464 11 82
1602881195476 4 83
1602881195487 11 84
1602881195498 11 85
1602881195511 17 86
1602881195522 6 87
1602881195533 11 88
1602881195544 17 89
1602881195556 12 90
1602881195567 4 91
1602881195578 12 92
1602881195589 10 93
1602881195600 12 94
1602881195612 11 95
1602881195623 12 96
1602881195634 12 97
1602881195645 10 98
1602881195656 5 99
