1602881194530 0.4792500918252128 0
1602881194541 0.33366946817383053 1
1602881194552 0.7070641659073911 2
1602881194563 0.6476367277692455 3
1602881194574 0.6193947368197971 4
1602881194585 0.6732859765329668 5
1602881194596 0.5440544292524263 6
1602881194607 0.6680494213104248 7
1602881194618 0.7131470961448474 8
1602881194630 0.3772909939289093 9
1602881194641 0.6286117689950126 10
1602881194652 0.6429995683523325 11
1602881194663 0.39616309756964024 12
1602881194674 0.3194630567292522 13
1602881194685 0.4316198507944743 14
1602881194697 0.1880258641717754 15
1602881194708 0.5146618459853658 16
1602881194719 0.16046734527434467 17
1602881194731 0.1603814191312633 18
1602881194742 0.2840189536412557 19
1602881194753 0.6329827308654785 20
1602881194765 0.6425676785982573 21
1602881194776 0.6193161081384729 22
1602881194787 0.5976063047136579 23
1602881194799 0.5851668527909926 24
1602881194810 0.4694082603774257 25
1602881194821 0.5271579229606772 26
1602881194832 0.5116435362071525 27
1602881194843 0.5933660226510772 28
1602881194855 0.30794378121693927 29
1602881194866 0.5147236724572679 30
1602881194877 0.4615800053208739 31
1602881194888 0.28150488047709954 32
1602881194899 0.3945818816389993 33
1602881194911 0.38226535417375523 34
1602881194922 0.5054306682333889 35
1602881194933 0.34444091862779325 36
1602881194944 0.1919888653586396 37
1602881194956 0.1023639820021639 38
1602881194967 0.5888729162619147 39
1602881194978 0.36300452686686374 40
1602881194993 0.49115562578390914 41
1602881195008 0.6628613717972286 42
1602881195019 0.46442714317068867 43
1602881195031 0.5932303151340349 44
1602881195042 0.34709216043597363 45
1602881195053 0.3926515501598979 46
1602881195064 0.5657811245402774 47
1602881195075 0.4192666699044147 48
1602881195086 0.18654154298643186 49
1602881195097 0.38383482586253775 50
1602881195108 0.6527841910719872 51
1602881195119 0.21266333986385702 52
1602881195131 0.6475236452827158 53
1602881195142 0.667977466583252 54
1602881195153 0.3614091720336523 55
1602881195164 0.21981400129746417 56
1602881195175 0.28711187879645866 57
1602881195187 0.3660843816154447 58
1602881195198 0.23291167851062972 59
1602881195209 0.12595298461752652 60
1602881195220 0.169004248927133 61
1602881195232 0.5620434860255095 62
1602881195243 0.5307717278033872 63
1602881195254 0.4882523057072662 64
1602881195266 0.47996200970241004 65
1602881195277 0.409374218542599 66
1602881195289 0.5732945938632913 67
1602881195300 0.5582341257731119 68
1602881195311 0.36605379178926545 69
1602881195322 0.5240676432847977 70
1602881195335 0.405500774200146 71
1602881195346 0.30179415104237006 72
1602881195357 0.5208270845946318 73
1602881195369 0.37073355181175366 74
1602881195380 0.6787777024555982 75
1602881195391 0.6379943549178029 76
1602881195403 0.33247377638723336 77
1602881195414 0.619414363084016 78
1602881195426 0.6476202768872875 79
1602881195437 0.39802196453202443 80
1602881195451 0.4362194229284099 81
1602881195467 0.5474979145074982 82
1602881195478 0.5240478053689003 83
1602881195489 0.32978928135526786 84
1602881195502 0.382343668743496 85
1602881195513 0.2251858436624417 86
1602881195524 0.20169664596344208 87
1602881195536 0.22871127851465914 88
1602881195547 0.47993260383605957 89
1602881195558 0.7073003659814091 90
1602881195569 0.7446231522730419 91
1602881195580 0.6734561631756444 92
1602881195592 0.6732317363062212 93
1602881195603 0.668047456741333 94
1602881195614 0.4827577492286419 95
1602881195625 0.13581793315549145 96
1602881195636 0.21718592968035105 97
1602881195647 0.4172255591590806 98
1602881195658 0.3376592383441697 99
