1602881194520 0.91 0
1602881194532 0.9166666666666666 1
1602881194543 0.92 2
1602881194554 0.9266666666666666 3
1602881194565 0.9133333333333333 4
1602881194576 0.9333333333333333 5
1602881194587 0.9333333333333333 6
1602881194598 0.9333333333333333 7
1602881194609 0.9166666666666666 8
1602881194621 0.93 9
1602881194632 0.9233333333333333 10
1602881194643 0.92 11
1602881194654 0.93 12
1602881194665 0.9333333333333333 13
1602881194676 0.9333333333333333 14
1602881194688 0.92 15
1602881194699 0.8966666666666666 16
1602881194710 0.91 17
1602881194722 0.8933333333333333 18
1602881194733 0.8966666666666666 19
1602881194744 0.92 20
1602881194756 0.9333333333333333 21
1602881194767 0.9166666666666666 22
1602881194778 0.8933333333333333 23
1602881194790 0.9133333333333333 24
1602881194801 0.91 25
1602881194812 0.9266666666666666 26
1602881194823 0.9433333333333334 27
1602881194835 0.9166666666666666 28
1602881194846 0.9166666666666666 29
1602881194857 0.94 30
1602881194868 0.94 31
1602881194879 0.9333333333333333 32
1602881194890 0.9233333333333333 33
1602881194902 0.9566666666666667 34
1602881194913 0.9233333333333333 35
1602881194924 0.9066666666666666 36
1602881194935 0.9066666666666666 37
1602881194947 0.9133333333333333 38
1602881194958 0.92 39
1602881194969 0.9166666666666666 40
1602881194980 0.9 41
1602881194996 0.9233333333333333 42
1602881195011 0.92 43
1602881195022 0.93 44
1602881195033 0.93 45
1602881195044 0.9233333333333333 46
1602881195055 0.9366666666666666 47
1602881195066 0.92 48
1602881195077 0.92 49
1602881195089 0.9166666666666666 50
1602881195099 0.93 51
1602881195111 0.92 52
1602881195122 0.9 53
1602881195133 0.9266666666666666 54
1602881195144 0.9433333333333334 55
1602881195155 0.94 56
1602881195166 0.93 57
1602881195177 0.9266666666666666 58
1602881195189 0.9333333333333333 59
1602881195200 0.9366666666666666 60
1602881195211 0.9133333333333333 61
1602881195223 0.93 62
1602881195234 0.9266666666666666 63
1602881195245 0.91 64
1602881195257 0.9033333333333333 65
1602881195268 0.9133333333333333 66
1602881195279 0.92 67
1602881195291 0.9133333333333333 68
1602881195302 0.92 69
1602881195313 0.9166666666666666 70
1602881195325 0.9366666666666666 71
1602881195337 0.91 72
1602881195349 0.92 73
1602881195360 0.9133333333333333 74
1602881195371 0.9233333333333333 75
1602881195382 0.8466666666666667 76
1602881195394 0.8533333333333334 77
1602881195405 0.8566666666666667 78
1602881195416 0.84 79
1602881195428 0.95 80
1602881195439 0.93 81
1602881195455 0.9133333333333333 82
1602881195469 0.93 83
1602881195480 0.9133333333333333 84
1602881195491 0.92 85
1602881195504 0.9 86
1602881195515 0.9233333333333333 87
1602881195527 0.9166666666666666 88
1602881195538 0.9 89
1602881195549 0.92 90
1602881195560 0.9133333333333333 91
1602881195571 0.9133333333333333 92
1602881195583 0.9033333333333333 93
1602881195594 0.8966666666666666 94
1602881195605 0.8833333333333333 95
1602881195616 0.9233333333333333 96
1602881195627 0.89 97
1602881195638 0.93 98
1602881195649 0.93 99
