1602956350800 205 0
1602956350810 322 1
1602956350822 490 2
1602956350833 142 3
1602956350843 626 4
1602956350854 249 5
1602956350865 345 6
1602956350876 317 7
1602956350887 253 8
1602956350898 313 9
1602956350908 381 10
1602956350919 365 11
1602956350931 330 12
1602956350942 364 13
1602956350952 580 14
1602956350963 363 15
1602956350975 385 16
1602956350985 329 17
1602956350996 500 18
1602956351007 379 19
1602956351018 490 20
1602956351029 406 21
1602956351040 425 22
1602956351051 349 23
1602956351062 447 24
1602956351073 141 25
1602956351084 104 26
1602956351095 67 27
1602956351106 82 28
1602956351117 210 29
1602956351128 275 30
1602956351139 202 31
1602956351150 209 32
1602956351161 197 33
1602956351172 413 34
1602956351183 625 35
1602956351193 330 36
1602956351204 284 37
1602956351215 94 38
1602956351226 224 39
1602956351236 225 40
1602956351247 242 41
1602956351258 540 42
1602956351269 407 43
1602956351280 461 44
1602956351291 683 45
1602956351302 518 46
1602956351313 580 47
1602956351324 763 48
1602956351335 720 49
1602956351346 173 50
1602956351357 22 51
1602956351368 344 52
1602956351378 392 53
1602956351389 757 54
1602956351400 74 55
1602956351411 106 56
1602956351422 123 57
1602956351433 109 58
1602956351444 86 59
1602956351454 84 60
1602956351465 70 61
1602956351476 69 62
1602956351487 192 63
1602956351498 59 64
1602956351509 96 65
1602956351520 76 66
1602956351531 252 67
1602956351542 55 68
1602956351553 299 69
1602956351564 258 70
1602956351575 119 71
1602956351586 293 72
1602956351597 281 73
1602956351608 180 74
1602956351619 256 75
1602956351630 232 76
1602956351641 511 77
1602956351653 487 78
1602956351663 330 79
1602956351674 137 80
1602956351685 1155 81
1602956351696 130 82
1602956351707 199 83
1602956351718 1016 84
1602956351729 321 85
1602956351739 309 86
1602956351750 327 87
1602956351761 385 88
1602956351772 547 89
1602956351783 575 90
1602956351794 303 91
1602956351805 38 92
1602956351816 430 93
1602956351827 34 94
1602956351838 90 95
1602956351849 69 96
1602956351860 441 97
1602956351871 485 98
1602956351881 94 99
