1602956350802 0.004583337442661688 0
1602956350813 0.004745467831588693 1
1602956350824 0.004660937852817361 2
1602956350835 0.004548669333816992 3
1602956350846 0.00456591838044547 4
1602956350856 0.004540209563411012 5
1602956350867 0.004578298626683693 6
1602956350878 0.00454672196465081 7
1602956350889 0.0045804306057816374 8
1602956350900 0.004555276812929096 9
1602956350911 0.004478714420799558 10
1602956350922 0.004556897042811602 11
1602956350933 0.004519869034617369 12
1602956350944 0.004649157168872035 13
1602956350955 0.004534740259151648 14
1602956350965 0.004775894049442175 15
1602956350977 0.004900806493582911 16
1602956350988 0.00477686248907522 17
1602956350999 0.0046819272968504164 18
1602956351009 0.0045198831482107585 19
1602956351020 0.004481805117351959 20
1602956351032 0.004831230377449709 21
1602956351043 0.004186503378468491 22
1602956351053 0.00399412296630524 23
1602956351064 0.004480944242298443 24
1602956351075 0.004604530903641678 25
1602956351086 0.004674795140026323 26
1602956351097 0.004739392099301677 27
1602956351108 0.004065385589706016 28
1602956351119 0.0039273418089541545 29
1602956351130 0.004337994614289486 30
1602956351141 0.004475750384702671 31
1602956351152 0.004101918602631951 32
1602956351163 0.004045616496693005 33
1602956351174 0.004481072217734986 34
1602956351185 0.004457198788599713 35
1602956351196 0.004586646447376329 36
1602956351206 0.004170156894622038 37
1602956351217 0.004367392538926567 38
1602956351228 0.004608702598785867 39
1602956351239 0.004739756054348416 40
1602956351250 0.0044275349060173 41
1602956351261 0.00466608927116631 42
1602956351271 0.00477084683590248 43
1602956351282 0.004474096096500527 44
1602956351293 0.004408315959821829 45
1602956351305 0.0045432979517644 46
1602956351315 0.00450270932559009 47
1602956351326 0.004464437694530314 48
1602956351337 0.004548032158910865 49
1602956351348 0.004706411953740472 50
1602956351359 0.004595978916855024 51
1602956351370 0.004652129691553178 52
1602956351381 0.0045734317316485276 53
1602956351391 0.0045181439602363024 54
1602956351402 0.004790613764808291 55
1602956351413 0.004638566750957918 56
1602956351424 0.004693827344410455 57
1602956351435 0.004688499904260403 58
1602956351446 0.004626403333048834 59
1602956351457 0.004619024913407977 60
1602956351468 0.0045885624307574644 61
1602956351479 0.004691968554000741 62
1602956351490 0.004539189976491746 63
1602956351500 0.004452396750835925 64
1602956351511 0.004603525904575867 65
1602956351522 0.0045833031957348185 66
1602956351533 0.004728372365190362 67
1602956351544 0.004744857791177264 68
1602956351555 0.00468537503907788 69
1602956351566 0.0046542984271339075 70
1602956351577 0.0044785499041754846 71
1602956351588 0.004643652371606955 72
1602956351599 0.004516992304060195 73
1602956351610 0.004618069860670301 74
1602956351621 0.004651922446030837 75
1602956351632 0.004678947753582513 76
1602956351644 0.004641758623740656 77
1602956351655 0.0047382919848719725 78
1602956351666 0.004568057130193361 79
1602956351677 0.004680324937695655 80
1602956351688 0.004432756050377135 81
1602956351698 0.004560487727596335 82
1602956351709 0.004674856669824979 83
1602956351720 0.004251341619100814 84
1602956351731 0.004557542638674397 85
1602956351742 0.004606503293030244 86
1602956351752 0.004889947081369067 87
1602956351763 0.004680077713656138 88
1602956351774 0.004416085219316828 89
1602956351785 0.004654274574697834 90
1602956351796 0.004716439446120579 91
1602956351807 0.004117824012176423 92
1602956351818 0.004212769186878384 93
1602956351829 0.004103083674325592 94
1602956351840 0.0044960381816310955 95
1602956351851 0.00451861718252007 96
1602956351862 0.00479747215906779 97
1602956351873 0.004630945368510921 98
1602956351884 0.004593924438061357 99
