1602956350793 0.9083333333333333 0
1602956350804 0.8833333333333333 1
1602956350815 0.875 2
1602956350826 0.9083333333333333 3
1602956350837 0.8833333333333333 4
1602956350848 0.8916666666666667 5
1602956350859 0.9 6
1602956350869 0.8916666666666667 7
1602956350880 0.9 8
1602956350891 0.8916666666666667 9
1602956350902 0.8916666666666667 10
1602956350913 0.8833333333333333 11
1602956350924 0.8916666666666667 12
1602956350935 0.8916666666666667 13
1602956350946 0.8916666666666667 14
1602956350957 0.8666666666666667 15
1602956350968 0.8666666666666667 16
1602956350979 0.875 17
1602956350990 0.875 18
1602956351001 0.8666666666666667 19
1602956351012 0.8916666666666667 20
1602956351023 0.8916666666666667 21
1602956351034 0.9 22
1602956351045 0.8916666666666667 23
1602956351055 0.8916666666666667 24
1602956351066 0.8416666666666667 25
1602956351077 0.8666666666666667 26
1602956351088 0.875 27
1602956351099 0.8666666666666667 28
1602956351110 0.8416666666666667 29
1602956351121 0.875 30
1602956351132 0.8833333333333333 31
1602956351143 0.875 32
1602956351154 0.8833333333333333 33
1602956351165 0.8833333333333333 34
1602956351176 0.8583333333333333 35
1602956351187 0.8583333333333333 36
1602956351198 0.8583333333333333 37
1602956351209 0.875 38
1602956351219 0.8666666666666667 39
1602956351230 0.8666666666666667 40
1602956351241 0.8666666666666667 41
1602956351252 0.875 42
1602956351263 0.8666666666666667 43
1602956351274 0.8666666666666667 44
1602956351285 0.9166666666666666 45
1602956351296 0.9333333333333333 46
1602956351307 0.9166666666666666 47
1602956351318 0.9166666666666666 48
1602956351328 0.9166666666666666 49
1602956351339 0.8583333333333333 50
1602956351350 0.8583333333333333 51
1602956351361 0.85 52
1602956351372 0.8416666666666667 53
1602956351383 0.85 54
1602956351393 0.95 55
1602956351404 0.9416666666666667 56
1602956351415 0.925 57
1602956351426 0.925 58
1602956351437 0.9416666666666667 59
1602956351448 0.8666666666666667 60
1602956351459 0.8666666666666667 61
1602956351470 0.875 62
1602956351481 0.8416666666666667 63
1602956351492 0.875 64
1602956351503 0.8833333333333333 65
1602956351514 0.875 66
1602956351524 0.875 67
1602956351535 0.8833333333333333 68
1602956351546 0.8666666666666667 69
1602956351557 0.9083333333333333 70
1602956351568 0.925 71
1602956351579 0.9083333333333333 72
1602956351590 0.9083333333333333 73
1602956351601 0.925 74
1602956351612 0.9166666666666666 75
1602956351623 0.9166666666666666 76
1602956351635 0.9083333333333333 77
1602956351646 0.9166666666666666 78
1602956351657 0.9166666666666666 79
1602956351668 0.9 80
1602956351679 0.9 81
1602956351690 0.9 82
1602956351701 0.9083333333333333 83
1602956351711 0.8916666666666667 84
1602956351722 0.875 85
1602956351733 0.875 86
1602956351744 0.875 87
1602956351755 0.8666666666666667 88
1602956351766 0.875 89
1602956351776 0.8833333333333333 90
1602956351787 0.875 91
1602956351798 0.9 92
1602956351809 0.8833333333333333 93
1602956351820 0.9 94
1602956351831 0.9 95
1602956351842 0.9083333333333333 96
1602956351853 0.8666666666666667 97
1602956351864 0.8666666666666667 98
1602956351875 0.8833333333333333 99
