1602996467331 1137 0
1602996467342 1234 1
1602996467352 1468 2
1602996467363 1606 3
1602996467374 1199 4
1602996467385 849 5
1602996467396 704 6
1602996467407 1240 7
1602996467418 1291 8
1602996467430 827 9
1602996467440 1555 10
1602996467451 1034 11
1602996467462 1058 12
1602996467472 1225 13
1602996467483 1420 14
1602996467494 1164 15
1602996467504 1694 16
1602996467515 1084 17
1602996467526 1241 18
1602996467537 1255 19
1602996467548 1390 20
1602996467559 1727 21
1602996467569 1071 22
1602996467580 1218 23
1602996467591 1646 24
1602996467602 445 25
1602996467613 1288 26
1602996467624 771 27
1602996467634 1025 28
1602996467645 732 29
1602996467656 1536 30
1602996467667 833 31
1602996467678 1187 32
1602996467689 1831 33
1602996467699 1045 34
1602996467710 1238 35
1602996467721 1224 36
1602996467732 1087 37
1602996467743 799 38
1602996467753 1240 39
1602996467764 1680 40
1602996467775 1474 41
1602996467786 1683 42
1602996467797 834 43
1602996467807 1212 44
1602996467818 1078 45
1602996467828 1010 46
1602996467839 484 47
1602996467849 1326 48
1602996467860 973 49
1602996467871 716 50
1602996467882 1115 51
1602996467894 1201 52
1602996467904 1680 53
1602996467915 1016 54
1602996467926 336 55
1602996467937 1458 56
1602996467948 2228 57
1602996467958 1173 58
1602996467969 1683 59
1602996467980 1221 60
1602996467990 958 61
1602996468001 1632 62
1602996468012 1338 63
1602996468022 954 64
1602996468033 1566 65
1602996468043 1133 66
1602996468054 1331 67
1602996468065 1912 68
1602996468075 1485 69
1602996468086 1685 70
1602996468096 1043 71
1602996468107 1482 72
1602996468118 1472 73
1602996468129 1243 74
1602996468140 1513 75
1602996468151 1052 76
1602996468162 1647 77
1602996468173 1280 78
1602996468183 1841 79
1602996468194 1270 80
1602996468205 998 81
1602996468217 776 82
1602996468228 968 83
1602996468239 1946 84
1602996468250 1241 85
1602996468261 1833 86
1602996468272 1566 87
1602996468282 1267 88
1602996468293 1827 89
1602996468304 1054 90
1602996468315 1539 91
1602996468325 1277 92
1602996468336 1189 93
1602996468347 1118 94
1602996468357 1026 95
1602996468368 1024 96
1602996468379 1020 97
1602996468389 806 98
1602996468400 844 99
