1602996467333 0.11509900605765291 0
1602996467344 0.11523503090837876 1
1602996467354 0.11526453890362565 2
1602996467365 0.11545771507734663 3
1602996467376 0.11524465705046659 4
1602996467387 0.11523762180794418 5
1602996467398 0.11540097944486469 6
1602996467410 0.11539608418051876 7
1602996467421 0.11531603357710671 8
1602996467432 0.11539199156547661 9
1602996467443 0.11544448660131086 10
1602996467453 0.11531770133554195 11
1602996467464 0.11527754805188743 12
1602996467475 0.115221197460103 13
1602996467485 0.11530714950249961 14
1602996467496 0.11533880875923572 15
1602996467507 0.11529106846990039 16
1602996467517 0.11520227872004045 17
1602996467528 0.1150463018928155 18
1602996467539 0.11533001826566176 19
1602996467550 0.11522611584326234 20
1602996467561 0.11535159946404501 21
1602996467571 0.115254139127178 22
1602996467582 0.11531466164248846 23
1602996467593 0.11522284062270945 24
1602996467604 0.1152120169471292 25
1602996467615 0.11516914645200053 26
1602996467626 0.11523311455220962 27
1602996467636 0.1156208696871927 28
1602996467647 0.11539251446014359 29
1602996467658 0.11533693688481274 30
1602996467669 0.11525107752531767 31
1602996467680 0.11528619113721346 32
1602996467691 0.11519137179135783 33
1602996467702 0.11523773316498641 34
1602996467713 0.1149901175002865 35
1602996467723 0.11554747706782209 36
1602996467734 0.11534108724104042 37
1602996467745 0.11530232722042529 38
1602996467756 0.11536389394946721 39
1602996467766 0.11537940447652001 40
1602996467777 0.11537528181584028 41
1602996467788 0.11549436586785755 42
1602996467799 0.11535965239448387 43
1602996467809 0.11529192284762409 44
1602996467820 0.1152333588997285 45
1602996467830 0.11536622424498436 46
1602996467841 0.11536926181250315 47
1602996467852 0.11536809775326819 48
1602996467862 0.11519330981995723 49
1602996467873 0.11528434391679435 50
1602996467884 0.11541248235763779 51
1602996467896 0.11518363051835516 52
1602996467907 0.11533525376408188 53
1602996467917 0.11538755825684856 54
1602996467928 0.11537637321671841 55
1602996467939 0.11534690856933594 56
1602996467950 0.1153423317098726 57
1602996467961 0.11534499572318735 58
1602996467971 0.11554954476732611 59
1602996467982 0.11530551728500657 60
1602996467992 0.11528977260344545 61
1602996468003 0.11542467688676225 62
1602996468014 0.11530933346188366 63
1602996468024 0.1153115496049398 64
1602996468035 0.11532695571037188 65
1602996468046 0.11524644899263717 66
1602996468056 0.1151178895428194 67
1602996468067 0.11539578141559427 68
1602996468078 0.11533123590525969 69
1602996468088 0.1154046661045705 70
1602996468099 0.11542567276423907 71
1602996468110 0.11547610515475538 72
1602996468120 0.11562045729842749 73
1602996468131 0.1153745012997134 74
1602996468142 0.11520924759142608 75
1602996468153 0.11533771150178292 76
1602996468164 0.11534015874420497 77
1602996468175 0.11522667682384286 78
1602996468186 0.11530086270685604 79
1602996468197 0.11545384830342104 80
1602996468208 0.11542696619395358 81
1602996468219 0.11541978655190303 82
1602996468230 0.1155984243343677 83
1602996468241 0.11544648072658441 84
1602996468252 0.11528732533186255 85
1602996468263 0.11529650845154814 86
1602996468274 0.11541525869086237 87
1602996468285 0.1155158081372172 88
1602996468295 0.11536265658093738 89
1602996468306 0.1152689919940063 90
1602996468317 0.11523111142763277 91
1602996468328 0.11537648371930392 92
1602996468338 0.11525044426321983 93
1602996468349 0.11526817742532425 94
1602996468360 0.11545371853193168 95
1602996468370 0.11526449716109412 96
1602996468381 0.11522464927742125 97
1602996468391 0.11530592006229798 98
1602996468402 0.1154979677069677 99
