1602996467324 0.9633333333333334 0
1602996467335 0.9633333333333334 1
1602996467346 0.9766666666666667 2
1602996467356 0.9766666666666667 3
1602996467367 0.97 4
1602996467378 0.9566666666666667 5
1602996467389 0.95 6
1602996467400 0.9633333333333334 7
1602996467412 0.9666666666666667 8
1602996467423 0.9566666666666667 9
1602996467434 0.97 10
1602996467445 0.96 11
1602996467455 0.9666666666666667 12
1602996467466 0.9733333333333334 13
1602996467477 0.9733333333333334 14
1602996467487 0.9566666666666667 15
1602996467498 0.9633333333333334 16
1602996467509 0.9433333333333334 17
1602996467520 0.9466666666666667 18
1602996467530 0.9433333333333334 19
1602996467541 0.9633333333333334 20
1602996467552 0.9733333333333334 21
1602996467563 0.97 22
1602996467573 0.9566666666666667 23
1602996467584 0.97 24
1602996467595 0.9366666666666666 25
1602996467606 0.9666666666666667 26
1602996467617 0.9566666666666667 27
1602996467628 0.96 28
1602996467638 0.9466666666666667 29
1602996467649 0.9866666666666667 30
1602996467660 0.9766666666666667 31
1602996467671 0.9833333333333333 32
1602996467682 0.9833333333333333 33
1602996467693 0.98 34
1602996467704 0.9566666666666667 35
1602996467715 0.9533333333333334 36
1602996467726 0.9666666666666667 37
1602996467736 0.9533333333333334 38
1602996467747 0.97 39
1602996467758 0.9766666666666667 40
1602996467768 0.9666666666666667 41
1602996467779 0.96 42
1602996467790 0.9533333333333334 43
1602996467801 0.9733333333333334 44
1602996467812 0.9633333333333334 45
1602996467822 0.9733333333333334 46
1602996467832 0.9333333333333333 47
1602996467843 0.9666666666666667 48
1602996467854 0.95 49
1602996467864 0.95 50
1602996467875 0.96 51
1602996467887 0.9566666666666667 52
1602996467898 0.9733333333333334 53
1602996467909 0.9566666666666667 54
1602996467920 0.9233333333333333 55
1602996467930 0.9733333333333334 56
1602996467941 0.98 57
1602996467952 0.9733333333333334 58
1602996467963 0.9733333333333334 59
1602996467973 0.9633333333333334 60
1602996467984 0.9666666666666667 61
1602996467995 0.9766666666666667 62
1602996468005 0.9766666666666667 63
1602996468016 0.97 64
1602996468026 0.9733333333333334 65
1602996468037 0.96 66
1602996468048 0.97 67
1602996468058 0.9733333333333334 68
1602996468069 0.9733333333333334 69
1602996468080 0.9633333333333334 70
1602996468090 0.9533333333333334 71
1602996468101 0.9733333333333334 72
1602996468112 0.9666666666666667 73
1602996468123 0.9566666666666667 74
1602996468134 0.96 75
1602996468144 0.9266666666666666 76
1602996468155 0.9466666666666667 77
1602996468166 0.95 78
1602996468177 0.96 79
1602996468188 0.9733333333333334 80
1602996468199 0.9766666666666667 81
1602996468210 0.9733333333333334 82
1602996468221 0.9733333333333334 83
1602996468232 0.9866666666666667 84
1602996468243 0.97 85
1602996468254 0.9833333333333333 86
1602996468265 0.9666666666666667 87
1602996468276 0.9666666666666667 88
1602996468287 0.97 89
1602996468297 0.9533333333333334 90
1602996468308 0.9533333333333334 91
1602996468319 0.9633333333333334 92
1602996468330 0.9466666666666667 93
1602996468340 0.9433333333333334 94
1602996468351 0.97 95
1602996468362 0.97 96
1602996468372 0.96 97
1602996468383 0.96 98
1602996468394 0.96 99
