1602942600380 30 0
1602942600391 351 1
1602942600401 747 2
1602942600412 344 3
1602942600423 490 4
1602942600434 467 5
1602942600445 343 6
1602942600455 978 7
1602942600466 331 8
1602942600476 1131 9
1602942600487 93 10
1602942600498 155 11
1602942600508 96 12
1602942600519 76 13
1602942600530 86 14
1602942600541 427 15
1602942600552 379 16
1602942600563 452 17
1602942600574 449 18
1602942600585 270 19
1602942600596 264 20
1602942600607 299 21
1602942600617 299 22
1602942600628 168 23
1602942600638 412 24
1602942600649 387 25
1602942600660 837 26
1602942600670 360 27
1602942600681 348 28
1602942600692 569 29
1602942600702 298 30
1602942600713 102 31
1602942600723 229 32
1602942600734 187 33
1602942600745 39 34
1602942600756 498 35
1602942600767 263 36
1602942600778 276 37
1602942600788 284 38
1602942600799 261 39
1602942600810 177 40
1602942600820 455 41
1602942600831 529 42
1602942600843 94 43
1602942600854 257 44
1602942600864 498 45
1602942600875 590 46
1602942600886 570 47
1602942600897 362 48
1602942600907 591 49
1602942600918 1644 50
1602942600929 1684 51
1602942600940 551 52
1602942600950 260 53
1602942600961 511 54
1602942600972 832 55
1602942600982 397 56
1602942600993 142 57
1602942601004 945 58
1602942601014 796 59
1602942601025 283 60
1602942601036 738 61
1602942601046 1082 62
1602942601057 716 63
1602942601068 919 64
1602942601078 358 65
1602942601089 279 66
1602942601100 291 67
1602942601110 427 68
1602942601121 274 69
1602942601131 293 70
1602942601142 80 71
1602942601153 136 72
1602942601163 116 73
1602942601174 356 74
1602942601185 256 75
1602942601195 181 76
1602942601206 166 77
1602942601217 128 78
1602942601228 65 79
1602942601239 297 80
1602942601250 313 81
1602942601261 935 82
1602942601272 559 83
1602942601283 316 84
1602942601294 170 85
1602942601304 203 86
1602942601315 394 87
1602942601326 943 88
1602942601336 233 89
1602942601347 362 90
1602942601358 238 91
1602942601369 97 92
1602942601379 153 93
1602942601390 294 94
1602942601401 923 95
1602942601412 323 96
1602942601422 136 97
1602942601433 38 98
1602942601444 85 99
