1602942600382 0.00512356855183764 0
1602942600393 0.00491256342417952 1
1602942600403 0.0051551634334260805 2
1602942600414 0.005162573773894679 3
1602942600425 0.005056924502258496 4
1602942600436 0.005064542757140265 5
1602942600447 0.005059853844020678 6
1602942600457 0.004785198452417158 7
1602942600468 0.004937774168659226 8
1602942600479 0.004967234639056859 9
1602942600489 0.004951841486286996 10
1602942600500 0.004889167309643441 11
1602942600511 0.005042477962883819 12
1602942600522 0.004984261107144416 13
1602942600532 0.005108687462867402 14
1602942600543 0.00503913339320904 15
1602942600554 0.004905997137431494 16
1602942600566 0.004879624631605253 17
1602942600577 0.004894433304015941 18
1602942600588 0.004881458138941123 19
1602942600598 0.005153283916535925 20
1602942600609 0.004933790994887186 21
1602942600619 0.0051972707257653674 22
1602942600630 0.005087636819786532 23
1602942600640 0.005178143931370155 24
1602942600651 0.00488582502577696 25
1602942600662 0.004503015310925008 26
1602942600672 0.005179419375882291 27
1602942600683 0.005103065873858189 28
1602942600694 0.005215756046823609 29
1602942600704 0.004507153264937862 30
1602942600715 0.0041833393409124115 31
1602942600726 0.004540584617190891 32
1602942600736 0.005067276546780837 33
1602942600747 0.005033755743945086 34
1602942600758 0.005067593732457252 35
1602942600769 0.005099727736378738 36
1602942600780 0.005169896137176838 37
1602942600790 0.005148305388243485 38
1602942600801 0.005053903659184774 39
1602942600812 0.005057384459966263 40
1602942600822 0.005081213767232458 41
1602942600833 0.005096842443772059 42
1602942600845 0.004908014046632244 43
1602942600856 0.004876997855633812 44
1602942600867 0.0048773131684628785 45
1602942600877 0.004899716501273166 46
1602942600888 0.004995470480099387 47
1602942600899 0.004870544513458102 48
1602942600909 0.004862831758322619 49
1602942600920 0.004887776040242049 50
1602942600931 0.004957625550539504 51
1602942600942 0.004953619761344714 52
1602942600952 0.004936472692028799 53
1602942600963 0.004952477168696441 54
1602942600974 0.005013725358981063 55
1602942600985 0.004952707706681834 56
1602942600995 0.005011919928957337 57
1602942601006 0.004994659635431454 58
1602942601017 0.004945533773886464 59
1602942601027 0.004933946891869913 60
1602942601038 0.004887945645329665 61
1602942601049 0.0049524016755828175 62
1602942601059 0.004774877062052385 63
1602942601070 0.004114544878348863 64
1602942601080 0.004198455810546875 65
1602942601091 0.004130528631042361 66
1602942601102 0.004423276969863922 67
1602942601112 0.004730193894019955 68
1602942601123 0.0049047334307044214 69
1602942601133 0.0049430258436187185 70
1602942601144 0.005082057115617492 71
1602942601155 0.004950965288330443 72
1602942601165 0.00461120089488243 73
1602942601176 0.0042604035462134645 74
1602942601187 0.005112707754053494 75
1602942601197 0.00518423988742844 76
1602942601208 0.004778680926054911 77
1602942601219 0.004715121076393943 78
1602942601230 0.00512851654798135 79
1602942601241 0.005101781919461872 80
1602942601253 0.0043909972417413064 81
1602942601264 0.004789255713291225 82
1602942601275 0.005054343763247941 83
1602942601285 0.005000070930637239 84
1602942601296 0.004929729074786077 85
1602942601307 0.004943800896847941 86
1602942601317 0.004997098956126648 87
1602942601328 0.005121734889790287 88
1602942601339 0.005141059308577139 89
1602942601349 0.0050870235696796155 90
1602942601360 0.0050580217789408825 91
1602942601371 0.004960959019574661 92
1602942601382 0.004949053468635162 93
1602942601392 0.005157202645673177 94
1602942601403 0.004805141180491517 95
1602942601414 0.0049733796144957616 96
1602942601425 0.005077501856967022 97
1602942601435 0.00514732595400517 98
1602942601446 0.004992069677939222 99
