1602942600371 0.8083333333333333 0
1602942600384 0.8666666666666667 1
1602942600395 0.9333333333333333 2
1602942600406 0.8166666666666667 3
1602942600416 0.9 4
1602942600427 0.9333333333333333 5
1602942600438 0.8583333333333333 6
1602942600449 0.95 7
1602942600460 0.875 8
1602942600470 0.9666666666666667 9
1602942600481 0.7833333333333333 10
1602942600491 0.8166666666666667 11
1602942600502 0.7583333333333333 12
1602942600513 0.8 13
1602942600524 0.7916666666666666 14
1602942600534 0.875 15
1602942600546 0.8666666666666667 16
1602942600557 0.875 17
1602942600568 0.875 18
1602942600579 0.8333333333333334 19
1602942600590 0.8333333333333334 20
1602942600600 0.85 21
1602942600611 0.8416666666666667 22
1602942600621 0.8166666666666667 23
1602942600632 0.8916666666666667 24
1602942600642 0.85 25
1602942600653 0.925 26
1602942600664 0.8666666666666667 27
1602942600675 0.8416666666666667 28
1602942600685 0.8916666666666667 29
1602942600696 0.8833333333333333 30
1602942600707 0.7916666666666666 31
1602942600717 0.8416666666666667 32
1602942600728 0.775 33
1602942600739 0.7333333333333333 34
1602942600750 0.8833333333333333 35
1602942600760 0.8166666666666667 36
1602942600771 0.8 37
1602942600782 0.8166666666666667 38
1602942600792 0.8166666666666667 39
1602942600803 0.7583333333333333 40
1602942600814 0.8666666666666667 41
1602942600824 0.9 42
1602942600836 0.7 43
1602942600847 0.7833333333333333 44
1602942600858 0.9333333333333333 45
1602942600869 0.9333333333333333 46
1602942600879 0.9416666666666667 47
1602942600890 0.875 48
1602942600901 0.9416666666666667 49
1602942600912 0.975 50
1602942600922 0.975 51
1602942600933 0.9 52
1602942600944 0.825 53
1602942600954 0.9 54
1602942600965 0.9666666666666667 55
1602942600976 0.9166666666666666 56
1602942600987 0.8083333333333333 57
1602942600997 0.9666666666666667 58
1602942601008 0.9666666666666667 59
1602942601019 0.8333333333333334 60
1602942601029 0.9333333333333333 61
1602942601040 0.9416666666666667 62
1602942601051 0.9 63
1602942601061 0.9416666666666667 64
1602942601072 0.8833333333333333 65
1602942601083 0.8666666666666667 66
1602942601093 0.8666666666666667 67
1602942601104 0.8833333333333333 68
1602942601114 0.8583333333333333 69
1602942601125 0.9166666666666666 70
1602942601136 0.75 71
1602942601146 0.7916666666666666 72
1602942601157 0.7666666666666667 73
1602942601167 0.9083333333333333 74
1602942601178 0.8666666666666667 75
1602942601189 0.8166666666666667 76
1602942601199 0.7916666666666666 77
1602942601210 0.7916666666666666 78
1602942601221 0.7833333333333333 79
1602942601232 0.85 80
1602942601244 0.8666666666666667 81
1602942601255 0.9833333333333333 82
1602942601266 0.95 83
1602942601277 0.8916666666666667 84
1602942601287 0.775 85
1602942601298 0.7916666666666666 86
1602942601309 0.8666666666666667 87
1602942601319 0.95 88
1602942601330 0.8 89
1602942601341 0.8333333333333334 90
1602942601351 0.8083333333333333 91
1602942601362 0.75 92
1602942601373 0.7666666666666667 93
1602942601384 0.825 94
1602942601394 0.9416666666666667 95
1602942601405 0.8583333333333333 96
1602942601416 0.7416666666666667 97
1602942601427 0.7583333333333333 98
1602942601438 0.6916666666666667 99
