1603017802641 242 0
1603017802652 63 1
1603017802663 294 2
1603017802674 82 3
1603017802685 253 4
1603017802696 296 5
1603017802708 314 6
1603017802719 171 7
1603017802730 219 8
1603017802741 177 9
1603017802751 356 10
1603017802762 317 11
1603017802774 167 12
1603017802785 228 13
1603017802796 489 14
1603017802807 457 15
1603017802818 372 16
1603017802828 311 17
1603017802839 669 18
1603017802850 382 19
1603017802861 216 20
1603017802872 370 21
1603017802883 243 22
1603017802894 389 23
1603017802905 355 24
1603017802916 328 25
1603017802927 433 26
1603017802938 324 27
1603017802948 324 28
1603017802959 376 29
1603017802970 244 30
1603017802981 235 31
1603017802991 174 32
1603017803002 459 33
1603017803013 156 34
1603017803024 256 35
1603017803035 245 36
1603017803046 206 37
1603017803056 415 38
1603017803067 190 39
1603017803078 344 40
1603017803089 326 41
1603017803100 392 42
1603017803110 209 43
1603017803121 682 44
1603017803132 184 45
1603017803143 251 46
1603017803154 213 47
1603017803164 244 48
1603017803175 193 49
1603017803186 275 50
1603017803197 293 51
1603017803207 265 52
1603017803218 279 53
1603017803229 226 54
1603017803240 103 55
1603017803250 348 56
1603017803263 117 57
1603017803274 272 58
1603017803284 217 59
1603017803295 202 60
1603017803306 379 61
1603017803317 368 62
1603017803327 291 63
1603017803338 421 64
1603017803349 69 65
1603017803359 141 66
1603017803370 313 67
1603017803381 137 68
1603017803391 257 69
1603017803402 198 70
1603017803413 204 71
1603017803424 151 72
1603017803435 185 73
1603017803446 103 74
1603017803457 308 75
1603017803468 214 76
1603017803479 500 77
1603017803490 271 78
1603017803501 317 79
1603017803511 282 80
1603017803522 184 81
1603017803533 235 82
1603017803544 298 83
1603017803555 338 84
1603017803566 402 85
1603017803577 274 86
1603017803587 584 87
1603017803598 376 88
1603017803609 770 89
1603017803620 294 90
1603017803631 322 91
1603017803642 188 92
1603017803652 447 93
1603017803663 135 94
1603017803674 617 95
1603017803685 162 96
1603017803696 537 97
1603017803707 528 98
1603017803718 487 99
