1603017802643 0.19063315501061429 0
1603017802654 0.19064013617379325 1
1603017802665 0.1907741523742676 2
1603017802676 0.19064174976901732 3
1603017802687 0.1906132991425693 4
1603017802699 0.19074379397239044 5
1603017802710 0.1910743954815442 6
1603017802721 0.19078421655289457 7
1603017802732 0.19067340767361377 8
1603017802743 0.19072337767907552 9
1603017802754 0.19028839842682865 10
1603017802765 0.19043568273385367 11
1603017802776 0.19057357792208449 12
1603017802787 0.19043770544230937 13
1603017802798 0.19046727182100098 14
1603017802809 0.19048560178408058 15
1603017802820 0.19053235321401435 16
1603017802830 0.19041579362966546 17
1603017802841 0.19048359645362992 18
1603017802852 0.19050016718462479 19
1603017802863 0.19046133240157045 20
1603017802874 0.19077054171144853 21
1603017802885 0.1909549875787674 22
1603017802896 0.1908099466440629 23
1603017802907 0.1907209109443158 24
1603017802918 0.19056805766917564 25
1603017802929 0.19052338568026808 26
1603017802940 0.19078921830212628 27
1603017802951 0.19051699832553778 28
1603017802961 0.19034664470608495 29
1603017802972 0.19049460948377417 30
1603017802983 0.19051087936224964 31
1603017802994 0.19073693393027946 32
1603017803004 0.19020883853618914 33
1603017803015 0.19070987543091178 34
1603017803026 0.1904772332545077 35
1603017803037 0.1906677033720898 36
1603017803048 0.19045787140474482 37
1603017803058 0.19040182722566273 38
1603017803069 0.19053883712316297 39
1603017803080 0.1904525478600976 40
1603017803091 0.19036484754758815 41
1603017803102 0.19029307886809999 42
1603017803113 0.19061874907855028 43
1603017803123 0.1906166466412112 44
1603017803134 0.19052364025916252 45
1603017803145 0.19073824363179726 46
1603017803156 0.19054976731170842 47
1603017803166 0.19052081537801166 48
1603017803177 0.19064772962242044 49
1603017803188 0.1905142968495687 50
1603017803199 0.19047783539806454 51
1603017803210 0.19051868270174235 52
1603017803220 0.19041953762020686 53
1603017803231 0.1904048484871815 54
1603017803242 0.19081919967748556 55
1603017803253 0.19050618130227795 56
1603017803265 0.19064082566974233 57
1603017803276 0.190737521776589 58
1603017803287 0.19086053147411985 59
1603017803297 0.1911546261641231 60
1603017803308 0.1905535347526407 61
1603017803319 0.19065345894453423 62
1603017803329 0.19070925878214443 63
1603017803340 0.19072553796588249 64
1603017803351 0.19055106820062148 65
1603017803361 0.1907221113593833 66
1603017803372 0.19049404957444196 67
1603017803383 0.19077837431819927 68
1603017803394 0.19058548502561426 69
1603017803404 0.19069948394658529 70
1603017803415 0.19079586163188744 71
1603017803426 0.19087505591543097 72
1603017803437 0.19075271567118537 73
1603017803448 0.1904224053476796 74
1603017803459 0.19048561652501425 75
1603017803470 0.19049964463099456 76
1603017803481 0.19009634936708777 77
1603017803492 0.1906397768221158 78
1603017803503 0.19054553959820722 79
1603017803513 0.19066014738057985 80
1603017803524 0.19056385675455925 81
1603017803535 0.19042095356119698 82
1603017803546 0.19066714512809602 83
1603017803557 0.19072231181933288 84
1603017803568 0.19059119289769227 85
1603017803579 0.19064955114419285 86
1603017803590 0.19055715400713852 87
1603017803600 0.19035896772513292 88
1603017803611 0.19038875942880457 89
1603017803622 0.19074117108650013 90
1603017803633 0.19037021255051648 91
1603017803644 0.19038765414867526 92
1603017803655 0.1908459384437017 93
1603017803665 0.19054879141705378 94
1603017803676 0.1904590779800715 95
1603017803687 0.19063794947742077 96
1603017803698 0.19012911996373805 97
1603017803709 0.1905169215532813 98
1603017803720 0.19077782851104957 99
