1603017802634 0.9833333333333333 0
1603017802646 0.95 1
1603017802656 0.9833333333333333 2
1603017802668 0.95 3
1603017802678 0.9833333333333333 4
1603017802689 0.9666666666666667 5
1603017802701 0.9666666666666667 6
1603017802712 0.9333333333333333 7
1603017802723 0.9666666666666667 8
1603017802734 0.95 9
1603017802745 0.9666666666666667 10
1603017802756 0.9833333333333333 11
1603017802767 0.9666666666666667 12
1603017802778 0.9666666666666667 13
1603017802789 0.9833333333333333 14
1603017802800 1.0 15
1603017802811 1.0 16
1603017802822 0.9833333333333333 17
1603017802833 0.9833333333333333 18
1603017802843 0.9833333333333333 19
1603017802854 0.9666666666666667 20
1603017802865 0.9666666666666667 21
1603017802876 0.9833333333333333 22
1603017802887 0.9666666666666667 23
1603017802898 0.9833333333333333 24
1603017802909 0.9833333333333333 25
1603017802921 0.9833333333333333 26
1603017802931 0.9833333333333333 27
1603017802942 0.9833333333333333 28
1603017802953 0.9833333333333333 29
1603017802963 0.9833333333333333 30
1603017802974 0.9833333333333333 31
1603017802985 0.95 32
1603017802996 0.9833333333333333 33
1603017803007 0.9833333333333333 34
1603017803017 0.9666666666666667 35
1603017803028 0.9 36
1603017803039 0.9166666666666666 37
1603017803050 0.9666666666666667 38
1603017803061 0.9166666666666666 39
1603017803072 1.0 40
1603017803083 1.0 41
1603017803093 1.0 42
1603017803104 1.0 43
1603017803115 1.0 44
1603017803126 0.9666666666666667 45
1603017803136 0.9833333333333333 46
1603017803147 0.9833333333333333 47
1603017803158 0.9833333333333333 48
1603017803169 0.9833333333333333 49
1603017803179 0.9666666666666667 50
1603017803190 0.95 51
1603017803201 0.95 52
1603017803212 0.95 53
1603017803222 0.95 54
1603017803233 0.9 55
1603017803244 0.9666666666666667 56
1603017803255 0.95 57
1603017803267 0.95 58
1603017803278 0.95 59
1603017803289 0.9666666666666667 60
1603017803299 0.9666666666666667 61
1603017803310 0.9666666666666667 62
1603017803321 0.95 63
1603017803332 0.9666666666666667 64
1603017803342 0.9166666666666666 65
1603017803353 0.9666666666666667 66
1603017803364 0.9833333333333333 67
1603017803374 0.9666666666666667 68
1603017803385 0.9666666666666667 69
1603017803396 0.9333333333333333 70
1603017803406 0.9666666666666667 71
1603017803417 0.95 72
1603017803428 0.95 73
1603017803439 0.9166666666666666 74
1603017803450 0.9666666666666667 75
1603017803461 0.9333333333333333 76
1603017803472 0.9833333333333333 77
1603017803483 0.9166666666666666 78
1603017803494 0.9666666666666667 79
1603017803505 0.9666666666666667 80
1603017803516 0.9666666666666667 81
1603017803526 0.95 82
1603017803537 0.9833333333333333 83
1603017803548 1.0 84
1603017803559 0.95 85
1603017803570 0.9333333333333333 86
1603017803581 0.95 87
1603017803592 0.9666666666666667 88
1603017803603 0.9833333333333333 89
1603017803613 0.9666666666666667 90
1603017803624 0.9666666666666667 91
1603017803635 0.9333333333333333 92
1603017803646 0.9833333333333333 93
1603017803657 0.9333333333333333 94
1603017803667 0.9833333333333333 95
1603017803678 0.9666666666666667 96
1603017803689 0.9666666666666667 97
1603017803700 0.9666666666666667 98
1603017803711 0.9833333333333333 99
